0.010000 0.001000 0.001000 50 0.525214 0.522523 0.527553 0.520668 -3.731250e+06 0.527948 0.520909 -3.699743e+06
0.010000 0.001500 0.001000 50 0.527523 0.522523 0.531108 0.523962 -3.729680e+06 0.530911 0.523687 -3.698249e+06
0.010000 0.010000 0.001000 50 0.553006 0.560360 0.554414 0.546804 -3.715510e+06 0.550069 0.541625 -3.683447e+06
0.010000 0.025000 0.001000 50 0.571484 0.585586 0.577721 0.569455 -3.702440e+06 0.562907 0.553934 -3.670035e+06
0.010000 0.050000 0.001000 50 0.581723 0.594595 0.587794 0.578622 -3.690160e+06 0.589176 0.579683 -3.657844e+06
0.010000 0.100000 0.001000 50 0.580722 0.594595 0.587399 0.577911 -3.675910e+06 0.590954 0.581333 -3.643318e+06
0.010000 0.500000 0.001000 50 0.536608 0.538739 0.538218 0.526999 -3.638570e+06 0.542366 0.531483 -3.604621e+06
0.010000 0.001000 0.010000 50 0.602279 0.607207 0.602212 0.591865 -3.728830e+06 0.604977 0.593816 -3.692454e+06
0.010000 0.001500 0.010000 50 0.602587 0.607207 0.602805 0.592050 -3.726880e+06 0.604780 0.593402 -3.690493e+06
0.010000 0.010000 0.010000 50 0.604896 0.627027 0.610508 0.599219 -3.710000e+06 0.606952 0.594800 -3.673342e+06
0.010000 0.025000 0.010000 50 0.608592 0.619820 0.614063 0.602796 -3.696210e+06 0.607150 0.595098 -3.659273e+06
0.010000 0.050000 0.010000 50 0.608515 0.610811 0.615248 0.604034 -3.683180e+06 0.611495 0.599736 -3.645359e+06
0.010000 0.100000 0.010000 50 0.606821 0.618018 0.609718 0.598971 -3.668860e+06 0.610113 0.598845 -3.630575e+06
0.010000 0.500000 0.010000 50 0.564940 0.556757 0.572388 0.561652 -3.632250e+06 0.568635 0.557309 -3.593566e+06
0.010000 0.001000 0.100000 50 0.632227 0.627027 0.624926 0.613390 -3.731850e+06 0.621371 0.609055 -3.688867e+06
0.010000 0.001500 0.100000 50 0.625606 0.619820 0.618803 0.606699 -3.730190e+06 0.620383 0.608167 -3.686959e+06
0.010000 0.010000 0.100000 50 0.621757 0.618018 0.618803 0.606103 -3.716120e+06 0.624136 0.611166 -3.669324e+06
0.010000 0.025000 0.100000 50 0.620679 0.614414 0.619791 0.606546 -3.701550e+06 0.625716 0.612720 -3.653973e+06
0.010000 0.050000 0.100000 50 0.613365 0.601802 0.619001 0.605492 -3.688780e+06 0.623148 0.609641 -3.642233e+06
0.010000 0.100000 0.100000 50 0.603742 0.605405 0.609718 0.595931 -3.674730e+06 0.616038 0.602145 -3.627806e+06
0.010000 0.500000 0.100000 50 0.576180 0.581982 0.585029 0.570902 -3.640710e+06 0.586806 0.572793 -3.592875e+06
0.010000 0.001000 1.000000 50 0.513742 0.495495 0.517085 0.504112 -3.739100e+06 0.529330 0.516943 -3.671657e+06
0.010000 0.001500 1.000000 50 0.515128 0.491892 0.517677 0.504645 -3.738260e+06 0.529725 0.517180 -3.671134e+06
0.010000 0.010000 1.000000 50 0.516668 0.500901 0.525973 0.512602 -3.729310e+06 0.534071 0.520701 -3.663128e+06
0.010000 0.025000 1.000000 50 0.516591 0.504505 0.523208 0.509355 -3.720560e+06 0.535058 0.520898 -3.655865e+06
0.010000 0.050000 1.000000 50 0.521441 0.502703 0.529528 0.514993 -3.713530e+06 0.540984 0.527337 -3.648111e+06
0.010000 0.100000 1.000000 50 0.525907 0.526126 0.526170 0.512831 -3.705110e+06 0.538811 0.524519 -3.640781e+06
0.010000 0.500000 1.000000 50 0.545154 0.522523 0.532688 0.518402 -3.681630e+06 0.559155 0.542344 -3.614734e+06
