0.100000 0.001000 0.001000 50 0.914364 0.906340 0.918769 0.922004 -3.403450e+06 0.916835 0.920098 -3.374788e+06
0.100000 0.001500 0.001000 50 0.914364 0.907781 0.919010 0.922235 -3.402240e+06 0.916835 0.920089 -3.374068e+06
0.100000 0.010000 0.001000 50 0.914053 0.906340 0.918124 0.921393 -3.391370e+06 0.917237 0.920516 -3.362550e+06
0.100000 0.025000 0.001000 50 0.914122 0.904179 0.918285 0.921606 -3.375590e+06 0.917076 0.920412 -3.347147e+06
0.100000 0.050000 0.001000 50 0.913984 0.904899 0.917721 0.921077 -3.356840e+06 0.917076 0.920561 -3.327512e+06
0.100000 0.100000 0.001000 50 0.914191 0.904899 0.917640 0.921077 -3.331170e+06 0.916270 0.919807 -3.301887e+06
0.100000 0.500000 0.001000 50 0.914571 0.902738 0.915062 0.918473 -3.256860e+06 0.916109 0.919625 -3.226165e+06
0.100000 0.001000 0.010000 50 0.922886 0.914986 0.925860 0.929082 -3.396200e+06 0.924732 0.928134 -3.369482e+06
0.100000 0.001500 0.010000 50 0.922817 0.914986 0.925860 0.929083 -3.395450e+06 0.924087 0.927505 -3.367856e+06
0.100000 0.010000 0.010000 50 0.922575 0.914986 0.925860 0.929119 -3.383450e+06 0.924410 0.927842 -3.356160e+06
0.100000 0.025000 0.010000 50 0.923265 0.915706 0.926183 0.929410 -3.367050e+06 0.925216 0.928617 -3.339483e+06
0.100000 0.050000 0.010000 50 0.922989 0.914986 0.925860 0.929074 -3.346780e+06 0.924893 0.928333 -3.318187e+06
0.100000 0.100000 0.010000 50 0.923886 0.915706 0.927150 0.930324 -3.321200e+06 0.925941 0.929338 -3.291689e+06
0.100000 0.500000 0.010000 50 0.923955 0.915706 0.926747 0.929576 -3.248050e+06 0.927150 0.930074 -3.216327e+06
0.100000 0.001000 0.100000 50 0.915847 0.901297 0.920622 0.923264 -3.401200e+06 0.921347 0.924013 -3.369926e+06
0.100000 0.001500 0.100000 50 0.915916 0.902738 0.920783 0.923452 -3.400440e+06 0.921106 0.923821 -3.367951e+06
0.100000 0.010000 0.100000 50 0.916296 0.903458 0.920864 0.923543 -3.387380e+06 0.921267 0.924017 -3.355554e+06
0.100000 0.025000 0.100000 50 0.916503 0.903458 0.920622 0.923265 -3.369560e+06 0.920703 0.923455 -3.336991e+06
0.100000 0.050000 0.100000 50 0.917262 0.904899 0.921267 0.923882 -3.349990e+06 0.920380 0.923167 -3.315548e+06
0.100000 0.100000 0.100000 50 0.917469 0.905620 0.922717 0.925278 -3.325500e+06 0.921106 0.923847 -3.289881e+06
0.100000 0.500000 0.100000 50 0.914950 0.901297 0.918607 0.920727 -3.258190e+06 0.920219 0.922631 -3.219774e+06
0.100000 0.001000 1.000000 50 0.932478 0.915706 0.928681 0.931556 -3.403730e+06 0.933919 0.936870 -3.341784e+06
0.100000 0.001500 1.000000 50 0.932650 0.914986 0.928681 0.931556 -3.403420e+06 0.934000 0.936947 -3.341293e+06
0.100000 0.010000 1.000000 50 0.932650 0.912824 0.928842 0.931691 -3.397670e+06 0.933838 0.936821 -3.329681e+06
0.100000 0.025000 1.000000 50 0.933478 0.914265 0.928439 0.931358 -3.386200e+06 0.933516 0.936592 -3.312978e+06
0.100000 0.050000 1.000000 50 0.933478 0.912824 0.928520 0.931485 -3.372940e+06 0.933435 0.936524 -3.296812e+06
0.100000 0.100000 1.000000 50 0.932892 0.912104 0.928923 0.931956 -3.356390e+06 0.933435 0.936576 -3.279385e+06
0.100000 0.500000 1.000000 50 0.927302 0.899856 0.912805 0.916461 -3.311660e+06 0.924813 0.928531 -3.232580e+06
