0.010000 0.001000 0.001000 50 0.674857 0.686667 0.677882 0.677877 -1.892740e+07 0.678834 0.678829 -1.887619e+07
0.010000 0.001500 0.001000 50 0.674218 0.685238 0.677670 0.677665 -1.891970e+07 0.678940 0.678935 -1.887042e+07
0.010000 0.010000 0.001000 50 0.675311 0.685714 0.677829 0.677824 -1.883410e+07 0.678887 0.678882 -1.878344e+07
0.010000 0.025000 0.001000 50 0.676465 0.684762 0.679945 0.679940 -1.873030e+07 0.680421 0.680416 -1.867786e+07
0.010000 0.050000 0.001000 50 0.677764 0.684762 0.680315 0.680310 -1.862010e+07 0.680897 0.680892 -1.856428e+07
0.010000 0.100000 0.001000 50 0.678856 0.683810 0.682749 0.682743 -1.849700e+07 0.682643 0.682637 -1.843908e+07
0.010000 0.500000 0.001000 50 0.672981 0.679048 0.676930 0.676923 -1.822310e+07 0.676453 0.676446 -1.816190e+07
0.010000 0.001000 0.010000 50 0.670734 0.677143 0.674761 0.674755 -1.893510e+07 0.675977 0.675971 -1.888021e+07
0.010000 0.001500 0.010000 50 0.670528 0.677619 0.674814 0.674808 -1.892980e+07 0.675872 0.675866 -1.887477e+07
0.010000 0.010000 0.010000 50 0.670405 0.677143 0.675131 0.675125 -1.884540e+07 0.676453 0.676448 -1.879240e+07
0.010000 0.025000 0.010000 50 0.671002 0.675714 0.675448 0.675443 -1.874400e+07 0.675872 0.675866 -1.868393e+07
0.010000 0.050000 0.010000 50 0.672260 0.674286 0.675819 0.675812 -1.863660e+07 0.676453 0.676447 -1.857390e+07
0.010000 0.100000 0.010000 50 0.673765 0.677143 0.678464 0.678457 -1.851280e+07 0.679363 0.679356 -1.844740e+07
0.010000 0.500000 0.010000 50 0.670838 0.677143 0.673967 0.673958 -1.823870e+07 0.674814 0.674804 -1.817161e+07
0.010000 0.001000 0.100000 50 0.672631 0.681905 0.676718 0.676713 -1.892970e+07 0.678041 0.678035 -1.886655e+07
0.010000 0.001500 0.100000 50 0.672672 0.680952 0.676453 0.676449 -1.892390e+07 0.678041 0.678036 -1.886071e+07
0.010000 0.010000 0.100000 50 0.673765 0.682381 0.677035 0.677031 -1.883290e+07 0.677776 0.677771 -1.876617e+07
0.010000 0.025000 0.100000 50 0.674177 0.684762 0.678570 0.678565 -1.872690e+07 0.679416 0.679411 -1.865591e+07
0.010000 0.050000 0.100000 50 0.674919 0.684286 0.678622 0.678617 -1.861960e+07 0.679680 0.679675 -1.854403e+07
0.010000 0.100000 0.100000 50 0.676177 0.687143 0.678940 0.678934 -1.849760e+07 0.680157 0.680151 -1.841785e+07
0.010000 0.500000 0.100000 50 0.670219 0.676190 0.672592 0.672583 -1.822560e+07 0.671428 0.671419 -1.813922e+07
0.010000 0.001000 1.000000 50 0.678176 0.685714 0.679839 0.679833 -1.892790e+07 0.681902 0.681896 -1.882076e+07
0.010000 0.001500 1.000000 50 0.678362 0.685238 0.680633 0.680626 -1.892140e+07 0.682167 0.682161 -1.881413e+07
0.010000 0.010000 1.000000 50 0.682319 0.687619 0.685394 0.685387 -1.882860e+07 0.685447 0.685440 -1.871054e+07
0.010000 0.025000 1.000000 50 0.686587 0.684286 0.689996 0.689989 -1.872710e+07 0.690208 0.690201 -1.860303e+07
0.010000 0.050000 1.000000 50 0.689802 0.686190 0.693435 0.693427 -1.862960e+07 0.692218 0.692210 -1.849602e+07
0.010000 0.100000 1.000000 50 0.692729 0.692381 0.694863 0.694854 -1.852340e+07 0.694228 0.694220 -1.838448e+07
0.010000 0.500000 1.000000 50 0.686071 0.688571 0.684759 0.684749 -1.829420e+07 0.685817 0.685807 -1.814790e+07
