0.050000 0.001000 0.001000 50 0.678868 0.689048 0.683595 0.683588 -1.893200e+07 0.682537 0.682530 -1.888405e+07
0.050000 0.001500 0.001000 50 0.678976 0.689524 0.683384 0.683377 -1.892630e+07 0.683172 0.683165 -1.887480e+07
0.050000 0.010000 0.001000 50 0.679663 0.687619 0.684230 0.684224 -1.883830e+07 0.684442 0.684435 -1.878753e+07
0.050000 0.025000 0.001000 50 0.679599 0.689524 0.684918 0.684912 -1.873400e+07 0.684865 0.684858 -1.868165e+07
0.050000 0.050000 0.001000 50 0.679857 0.689048 0.685394 0.685387 -1.862540e+07 0.686346 0.686339 -1.857089e+07
0.050000 0.100000 0.001000 50 0.680952 0.689524 0.686663 0.686657 -1.850110e+07 0.686558 0.686551 -1.844414e+07
0.050000 0.500000 0.001000 50 0.674121 0.678571 0.678517 0.678509 -1.822180e+07 0.678940 0.678932 -1.816028e+07
0.050000 0.001000 0.010000 50 0.679921 0.684286 0.682114 0.682108 -1.892200e+07 0.682855 0.682848 -1.886675e+07
0.050000 0.001500 0.010000 50 0.679921 0.683333 0.682220 0.682213 -1.891630e+07 0.682802 0.682795 -1.886099e+07
0.050000 0.010000 0.010000 50 0.680308 0.683333 0.683278 0.683271 -1.883050e+07 0.683278 0.683271 -1.877340e+07
0.050000 0.025000 0.010000 50 0.680394 0.683810 0.683913 0.683907 -1.872220e+07 0.684547 0.684541 -1.866533e+07
0.050000 0.050000 0.010000 50 0.682284 0.686190 0.686029 0.686022 -1.861190e+07 0.686399 0.686392 -1.855236e+07
0.050000 0.100000 0.010000 50 0.683186 0.690476 0.687404 0.687398 -1.848550e+07 0.688674 0.688667 -1.842306e+07
0.050000 0.500000 0.010000 50 0.680716 0.680952 0.683542 0.683534 -1.820120e+07 0.683489 0.683481 -1.813145e+07
0.050000 0.001000 0.100000 50 0.676484 0.681429 0.679151 0.679147 -1.892850e+07 0.680844 0.680839 -1.886623e+07
0.050000 0.001500 0.100000 50 0.676656 0.680952 0.679204 0.679200 -1.892270e+07 0.680739 0.680734 -1.886050e+07
0.050000 0.010000 0.100000 50 0.678589 0.680000 0.681426 0.681422 -1.883760e+07 0.680844 0.680839 -1.876901e+07
0.050000 0.025000 0.100000 50 0.680415 0.680000 0.683807 0.683801 -1.873090e+07 0.683648 0.683643 -1.866263e+07
0.050000 0.050000 0.100000 50 0.683229 0.682381 0.685341 0.685335 -1.862600e+07 0.684971 0.684965 -1.855390e+07
0.050000 0.100000 0.100000 50 0.682757 0.680476 0.684495 0.684488 -1.850460e+07 0.685500 0.685493 -1.842850e+07
0.050000 0.500000 0.100000 50 0.678482 0.678571 0.682855 0.682847 -1.822490e+07 0.681744 0.681735 -1.814246e+07
0.050000 0.001000 1.000000 50 0.677816 0.684286 0.679680 0.679676 -1.892000e+07 0.680686 0.680681 -1.882805e+07
0.050000 0.001500 1.000000 50 0.677794 0.684286 0.679733 0.679729 -1.891400e+07 0.680739 0.680734 -1.882201e+07
0.050000 0.010000 1.000000 50 0.679620 0.684762 0.681691 0.681686 -1.882120e+07 0.681109 0.681104 -1.872947e+07
0.050000 0.025000 1.000000 50 0.682177 0.682857 0.684389 0.684384 -1.871690e+07 0.683489 0.683484 -1.861143e+07
0.050000 0.050000 1.000000 50 0.685270 0.684762 0.686611 0.686605 -1.861430e+07 0.686240 0.686235 -1.850398e+07
0.050000 0.100000 1.000000 50 0.685098 0.682857 0.688251 0.688244 -1.849910e+07 0.685605 0.685599 -1.837747e+07
0.050000 0.500000 1.000000 50 0.680157 0.681905 0.682590 0.682582 -1.822200e+07 0.680686 0.680678 -1.809215e+07
