0.005000 0.001000 0.001000 50 0.508193 0.513213 0.517151 0.477099 -9.670740e+05 0.521477 0.474313 -9.615551e+05
0.005000 0.001500 0.001000 50 0.508432 0.514604 0.517460 0.477382 -9.669880e+05 0.521477 0.474312 -9.614681e+05
0.005000 0.010000 0.001000 50 0.499342 0.502086 0.506180 0.467726 -9.650150e+05 0.514524 0.468265 -9.596575e+05
0.005000 0.025000 0.001000 50 0.501017 0.506259 0.508035 0.468997 -9.624730e+05 0.509889 0.464247 -9.568483e+05
0.005000 0.050000 0.001000 50 0.499223 0.504868 0.506489 0.467456 -9.581950e+05 0.514988 0.468293 -9.527536e+05
0.005000 0.100000 0.001000 50 0.497309 0.503477 0.508189 0.468559 -9.503980e+05 0.516224 0.469100 -9.449538e+05
0.005000 0.500000 0.001000 50 0.523622 0.531293 0.533529 0.471160 -9.128980e+05 0.536001 0.473014 -9.063051e+05
0.005000 0.001000 0.010000 50 0.470578 0.453408 0.473888 0.454288 -9.657860e+05 0.485939 0.465660 -9.588821e+05
0.005000 0.001500 0.010000 50 0.464956 0.454798 0.472806 0.453509 -9.653230e+05 0.485630 0.465352 -9.587956e+05
0.005000 0.010000 0.010000 50 0.458199 0.446453 0.466780 0.453970 -9.635470e+05 0.481150 0.461307 -9.569088e+05
0.005000 0.025000 0.010000 50 0.435534 0.411683 0.440358 0.449472 -9.610690e+05 0.460909 0.451235 -9.540304e+05
0.005000 0.050000 0.010000 50 0.425906 0.406120 0.430006 0.445508 -9.564420e+05 0.440513 0.449302 -9.498686e+05
0.005000 0.100000 0.010000 50 0.424949 0.410292 0.428925 0.444122 -9.483350e+05 0.435878 0.441212 -9.415815e+05
0.005000 0.500000 0.010000 50 0.454431 0.457580 0.460136 0.454284 -9.123960e+05 0.461990 0.459109 -9.035909e+05
0.005000 0.001000 0.100000 50 0.528824 0.510431 0.533066 0.473313 -9.603620e+05 0.537392 0.473697 -9.515716e+05
0.005000 0.001500 0.100000 50 0.528824 0.510431 0.533529 0.473689 -9.602740e+05 0.534611 0.471436 -9.510041e+05
0.005000 0.010000 0.100000 50 0.526851 0.507650 0.531211 0.471781 -9.583730e+05 0.531984 0.469326 -9.490779e+05
0.005000 0.025000 0.100000 50 0.522964 0.506259 0.529203 0.473223 -9.553700e+05 0.530439 0.468127 -9.460773e+05
0.005000 0.050000 0.100000 50 0.522605 0.507650 0.527194 0.471460 -9.507570e+05 0.528894 0.466896 -9.413778e+05
0.005000 0.100000 0.100000 50 0.522844 0.510431 0.529975 0.472851 -9.429780e+05 0.532911 0.469657 -9.335587e+05
0.005000 0.500000 0.100000 50 0.527808 0.536857 0.535074 0.469240 -9.107660e+05 0.538473 0.478529 -8.985419e+05
0.005000 0.001000 1.000000 50 0.537914 0.515994 0.540946 0.569950 -9.567400e+05 0.556242 0.585114 -9.402835e+05
0.005000 0.001500 1.000000 50 0.538153 0.515994 0.540946 0.569950 -9.567110e+05 0.556242 0.585114 -9.402586e+05
0.005000 0.010000 1.000000 50 0.538692 0.511822 0.540328 0.569666 -9.560260e+05 0.558096 0.586963 -9.393053e+05
0.005000 0.025000 1.000000 50 0.537735 0.504868 0.540019 0.572760 -9.545160e+05 0.563041 0.591615 -9.372444e+05
0.005000 0.050000 1.000000 50 0.538692 0.503477 0.541100 0.570716 -9.518110e+05 0.568140 0.595738 -9.348852e+05
0.005000 0.100000 1.000000 50 0.541921 0.514604 0.545117 0.567974 -9.480740e+05 0.574166 0.599452 -9.281015e+05
0.005000 0.500000 1.000000 50 0.556572 0.560501 0.563504 0.547799 -9.247640e+05 0.561032 0.560450 -8.967152e+05
