0.500000 0.001000 0.001000 50 0.693278 0.695714 0.698302 0.698294 -1.894110e+07 0.693647 0.693639 0.000000e+00
0.500000 0.100000 0.010000 50 0.694339 0.695238 0.697773 0.697764 -1.852110e+07 0.695445 0.695437 -1.846307e+07
0.500000 0.500000 0.010000 50 0.690094 0.681429 0.691478 0.691468 -1.823350e+07 0.690102 0.690093 -1.817325e+07
0.500000 0.001000 0.100000 50 0.696747 0.696190 0.700206 0.700198 -1.894170e+07 0.696344 0.696336 -1.887438e+07
0.500000 0.001500 0.100000 50 0.696747 0.696190 0.700048 0.700039 -1.893590e+07 0.696344 0.696336 -1.886848e+07
0.500000 0.010000 0.100000 50 0.698053 0.699524 0.701899 0.701890 -1.884610e+07 0.697191 0.697182 -1.877734e+07
0.500000 0.025000 0.100000 50 0.699808 0.700476 0.702904 0.702894 -1.873250e+07 0.699677 0.699667 -1.866480e+07
0.500000 0.050000 0.100000 50 0.701400 0.701905 0.703433 0.703422 -1.862060e+07 0.700947 0.700936 -1.854430e+07
0.500000 0.001500 0.010000 50 0.696543 0.696190 0.699889 0.699880 -1.892450e+07 0.696450 0.696442 -1.886201e+07
0.500000 0.010000 0.010000 50 0.697849 0.700000 0.702005 0.701996 -1.883530e+07 0.697350 0.697341 -1.877155e+07
0.500000 0.025000 0.010000 50 0.699318 0.698571 0.702375 0.702365 -1.872550e+07 0.699730 0.699720 -1.865450e+07
0.500000 0.050000 0.010000 50 0.701237 0.700952 0.702693 0.702682 -1.861070e+07 0.700682 0.700672 -1.853932e+07
0.500000 0.100000 0.010000 50 0.700380 0.699048 0.703380 0.703369 -1.848780e+07 0.701317 0.701306 -1.841099e+07
0.500000 0.500000 0.010000 50 0.695074 0.697143 0.698196 0.698183 -1.821530e+07 0.696768 0.696755 -1.813330e+07
0.500000 0.001000 0.100000 50 0.694747 0.697143 0.698937 0.698929 -1.894520e+07 0.696080 0.696072 -1.887882e+07
0.500000 0.001500 0.100000 50 0.694870 0.697619 0.699042 0.699035 -1.893960e+07 0.695974 0.695967 -1.887298e+07
0.500000 0.010000 0.100000 50 0.695604 0.699524 0.700312 0.700304 -1.884970e+07 0.696662 0.696654 -1.878236e+07
0.500000 0.025000 0.100000 50 0.697359 0.700000 0.703328 0.703319 -1.873820e+07 0.699095 0.699087 -1.866669e+07
0.500000 0.050000 0.100000 50 0.697400 0.700952 0.705814 0.705805 -1.862910e+07 0.701688 0.701679 -1.855426e+07
0.500000 0.100000 0.100000 50 0.697033 0.701429 0.704544 0.704535 -1.850520e+07 0.701264 0.701255 -1.842742e+07
0.500000 0.500000 0.100000 50 0.695359 0.693810 0.698302 0.698292 -1.823430e+07 0.696556 0.696546 -1.814909e+07
0.500000 0.001000 1.000000 50 0.700706 0.706667 0.708036 0.708027 -1.894320e+07 0.701370 0.701362 -1.883527e+07
0.500000 0.001500 1.000000 50 0.701073 0.706667 0.708089 0.708080 -1.893690e+07 0.701423 0.701415 -1.882899e+07
0.500000 0.010000 1.000000 50 0.700869 0.708571 0.709834 0.709825 -1.884240e+07 0.702375 0.702367 -1.872803e+07
0.500000 0.025000 1.000000 50 0.703359 0.714762 0.712321 0.712311 -1.873320e+07 0.706131 0.706123 -1.860940e+07
0.500000 0.050000 1.000000 50 0.704053 0.716190 0.712850 0.712840 -1.863130e+07 0.707401 0.707392 -1.849900e+07
0.500000 0.100000 1.000000 50 0.706951 0.717619 0.714701 0.714690 -1.851430e+07 0.709041 0.709030 -1.837733e+07
0.500000 0.500000 1.000000 50 0.702910 0.711905 0.709623 0.709612 -1.826770e+07 0.706872 0.706861 -1.812946e+07
