0.010000 0.001000 0.001000 50 0.558857 0.580180 0.565870 0.557004 -3.731020e+06 0.580486 0.571352 -3.698813e+06
0.010000 0.001500 0.001000 50 0.562630 0.580180 0.569228 0.560221 -3.729310e+06 0.581473 0.572452 -3.697177e+06
0.010000 0.010000 0.001000 50 0.567403 0.581982 0.578511 0.569350 -3.716930e+06 0.602212 0.593424 -3.683735e+06
0.010000 0.025000 0.001000 50 0.585495 0.581982 0.601422 0.592308 -3.703900e+06 0.605175 0.596239 -3.670232e+06
0.010000 0.050000 0.001000 50 0.592270 0.587387 0.607545 0.597724 -3.690770e+06 0.610310 0.601157 -3.657795e+06
0.010000 0.100000 0.001000 50 0.587728 0.585586 0.602607 0.591047 -3.675920e+06 0.607545 0.597440 -3.642490e+06
0.010000 0.500000 0.001000 50 0.539072 0.547748 0.540391 0.531477 -3.636970e+06 0.544934 0.535732 -3.603168e+06
0.010000 0.001000 0.010000 50 0.576642 0.580180 0.582461 0.572055 -3.734150e+06 0.592929 0.582467 -3.696373e+06
0.010000 0.001500 0.010000 50 0.579336 0.581982 0.586609 0.576125 -3.731970e+06 0.592929 0.582379 -3.694613e+06
0.010000 0.010000 0.010000 50 0.592655 0.596396 0.600435 0.589837 -3.716860e+06 0.604385 0.593051 -3.679670e+06
0.010000 0.025000 0.010000 50 0.600585 0.621622 0.610113 0.598624 -3.704390e+06 0.614458 0.602649 -3.666116e+06
0.010000 0.050000 0.010000 50 0.604358 0.632432 0.610508 0.598497 -3.691880e+06 0.614063 0.601949 -3.653575e+06
0.010000 0.100000 0.010000 50 0.594811 0.621622 0.608137 0.596347 -3.677890e+06 0.611693 0.599896 -3.639554e+06
0.010000 0.500000 0.010000 50 0.549311 0.574775 0.556587 0.543729 -3.640460e+06 0.560932 0.548428 -3.602973e+06
0.010000 0.001000 0.100000 50 0.570637 0.594595 0.576141 0.561151 -3.737830e+06 0.573178 0.559161 -3.694642e+06
0.010000 0.001500 0.100000 50 0.570560 0.585586 0.576338 0.560957 -3.736420e+06 0.572783 0.558939 -3.693106e+06
0.010000 0.010000 0.100000 50 0.578336 0.600000 0.588781 0.574077 -3.721280e+06 0.591744 0.577059 -3.676794e+06
0.010000 0.025000 0.100000 50 0.584187 0.616216 0.594114 0.579608 -3.707720e+06 0.602212 0.588173 -3.660906e+06
0.010000 0.050000 0.100000 50 0.582108 0.607207 0.600435 0.586258 -3.696860e+06 0.601225 0.586876 -3.649890e+06
0.010000 0.100000 0.100000 50 0.576103 0.605405 0.596879 0.584438 -3.683920e+06 0.599447 0.586594 -3.636356e+06
0.010000 0.500000 0.100000 50 0.528293 0.567568 0.549872 0.538372 -3.650930e+06 0.543354 0.532541 -3.602601e+06
0.010000 0.001000 1.000000 50 0.524444 0.527928 0.532293 0.528646 -3.741620e+06 0.535453 0.531688 -3.668344e+06
0.010000 0.001500 1.000000 50 0.525676 0.527928 0.532688 0.528905 -3.740790e+06 0.535848 0.532139 -3.667539e+06
0.010000 0.010000 1.000000 50 0.524136 0.518919 0.534466 0.530898 -3.729810e+06 0.537231 0.532938 -3.654908e+06
0.010000 0.025000 1.000000 50 0.523289 0.527928 0.537823 0.532740 -3.721250e+06 0.541774 0.536704 -3.646928e+06
0.010000 0.050000 1.000000 50 0.526061 0.536937 0.540786 0.534816 -3.714380e+06 0.547699 0.542984 -3.640471e+06
0.010000 0.100000 1.000000 50 0.535299 0.535135 0.544144 0.538404 -3.705860e+06 0.550662 0.545825 -3.632061e+06
0.010000 0.500000 1.000000 50 0.534067 0.517117 0.532688 0.524706 -3.681330e+06 0.543551 0.536596 -3.610689e+06
