0.010000 0.001000 0.001000 50 0.910571 0.906340 0.913692 0.917162 -3.402840e+06 0.913289 0.916657 -3.374757e+06
0.010000 0.001500 0.001000 50 0.910602 0.906340 0.913692 0.917162 -3.402150e+06 0.913208 0.916580 -3.374060e+06
0.010000 0.010000 0.001000 50 0.910289 0.905620 0.914095 0.917574 -3.391000e+06 0.913047 0.916514 -3.362804e+06
0.010000 0.025000 0.001000 50 0.909818 0.904179 0.913047 0.916595 -3.375910e+06 0.912966 0.916461 -3.347631e+06
0.010000 0.050000 0.001000 50 0.909536 0.902738 0.912805 0.916399 -3.356740e+06 0.912725 0.916295 -3.328084e+06
0.010000 0.100000 0.001000 50 0.909661 0.902017 0.912483 0.916105 -3.331750e+06 0.912402 0.916067 -3.302629e+06
0.010000 0.500000 0.001000 50 0.910445 0.899135 0.909985 0.913545 -3.257350e+06 0.910871 0.914461 -3.226272e+06
0.010000 0.001000 0.010000 50 0.910477 0.902738 0.914336 0.917016 -3.395350e+06 0.914014 0.916798 -3.368071e+06
0.010000 0.001500 0.010000 50 0.910540 0.902738 0.914175 0.916862 -3.394610e+06 0.914014 0.916798 -3.367327e+06
0.010000 0.010000 0.010000 50 0.910477 0.902738 0.913772 0.916487 -3.383330e+06 0.914014 0.916813 -3.355964e+06
0.010000 0.025000 0.010000 50 0.910477 0.902017 0.914095 0.916882 -3.366690e+06 0.913933 0.916744 -3.338740e+06
0.010000 0.050000 0.010000 50 0.909787 0.899856 0.912402 0.915277 -3.347210e+06 0.913369 0.916251 -3.318574e+06
0.010000 0.100000 0.010000 50 0.907434 0.898415 0.909985 0.913026 -3.321670e+06 0.911274 0.914253 -3.292363e+06
0.010000 0.500000 0.010000 50 0.905866 0.889049 0.906922 0.909821 -3.248620e+06 0.908776 0.911646 -3.217289e+06
0.010000 0.001000 0.100000 50 0.903199 0.894092 0.907245 0.910289 -3.401180e+06 0.907809 0.910864 -3.367525e+06
0.010000 0.001500 0.100000 50 0.903294 0.894092 0.907648 0.910703 -3.399460e+06 0.908051 0.911100 -3.366829e+06
0.010000 0.010000 0.100000 50 0.902447 0.894092 0.906922 0.910027 -3.387400e+06 0.908615 0.911650 -3.354548e+06
0.010000 0.025000 0.100000 50 0.901600 0.891931 0.906519 0.909713 -3.371080e+06 0.908051 0.911177 -3.336691e+06
0.010000 0.050000 0.100000 50 0.899655 0.893372 0.903780 0.907124 -3.351660e+06 0.906358 0.909557 -3.316359e+06
0.010000 0.100000 0.100000 50 0.897459 0.890490 0.901684 0.905183 -3.327090e+06 0.904102 0.907466 -3.290531e+06
0.010000 0.500000 0.100000 50 0.888269 0.881844 0.889919 0.892822 -3.258430e+06 0.891933 0.894803 -3.218817e+06
0.010000 0.001000 1.000000 50 0.926506 0.905620 0.921670 0.924321 -3.403960e+06 0.924329 0.926706 -3.341202e+06
0.010000 0.001500 1.000000 50 0.926537 0.905620 0.921670 0.924321 -3.403560e+06 0.924329 0.926704 -3.340623e+06
0.010000 0.010000 1.000000 50 0.927509 0.908501 0.922073 0.924786 -3.397210e+06 0.924732 0.927193 -3.330190e+06
0.010000 0.025000 1.000000 50 0.928764 0.909222 0.924651 0.927527 -3.388900e+06 0.929245 0.932073 -3.316514e+06
0.010000 0.050000 1.000000 50 0.930238 0.909942 0.925377 0.928480 -3.375540e+06 0.931501 0.934577 -3.299256e+06
0.010000 0.100000 1.000000 50 0.931587 0.909222 0.924732 0.927961 -3.359200e+06 0.932871 0.936014 -3.280112e+06
0.010000 0.500000 1.000000 50 0.930082 0.897695 0.913853 0.917502 -3.314070e+06 0.928358 0.931810 -3.233818e+06
