0.200000 0.001000 0.001000 50 0.644648 0.668468 0.654355 0.648583 -3.726620e+06 0.657910 0.652151 -3.695554e+06
0.200000 0.001500 0.001000 50 0.643981 0.668468 0.655145 0.649568 -3.725040e+06 0.658305 0.652509 -3.693980e+06
0.200000 0.010000 0.001000 50 0.643885 0.661261 0.657318 0.651454 -3.710170e+06 0.662651 0.655994 -3.678139e+06
0.200000 0.025000 0.001000 50 0.648937 0.655856 0.664626 0.658477 -3.697040e+06 0.665416 0.658511 -3.664517e+06
0.200000 0.050000 0.001000 50 0.649795 0.652252 0.663441 0.656680 -3.684920e+06 0.665021 0.657671 -3.652139e+06
0.200000 0.100000 0.001000 50 0.648937 0.646847 0.667786 0.660577 -3.670950e+06 0.669959 0.662374 -3.637752e+06
0.200000 0.500000 0.001000 50 0.638071 0.637838 0.654750 0.647951 -3.631440e+06 0.658108 0.650120 -3.597078e+06
0.200000 0.001000 0.010000 50 0.651415 0.661261 0.661071 0.650854 -3.729200e+06 0.653565 0.642932 -3.694530e+06
0.200000 0.001500 0.010000 50 0.652369 0.663063 0.662058 0.651794 -3.727440e+06 0.653368 0.642541 -3.692659e+06
0.200000 0.010000 0.010000 50 0.658850 0.657658 0.665613 0.655913 -3.710790e+06 0.657910 0.647438 -3.675660e+06
0.200000 0.025000 0.010000 50 0.657897 0.654054 0.664033 0.654463 -3.697560e+06 0.660675 0.650842 -3.661957e+06
0.200000 0.050000 0.010000 50 0.657993 0.655856 0.664428 0.654831 -3.685200e+06 0.660280 0.650471 -3.649094e+06
0.200000 0.100000 0.010000 50 0.657611 0.664865 0.664231 0.654851 -3.670580e+06 0.662058 0.652353 -3.633989e+06
0.200000 0.500000 0.010000 50 0.639405 0.627027 0.647245 0.636399 -3.631670e+06 0.650997 0.639732 -3.593517e+06
0.200000 0.001000 0.100000 50 0.660662 0.672072 0.672131 0.667338 -3.729720e+06 0.669366 0.663572 -3.688031e+06
0.200000 0.001500 0.100000 50 0.659136 0.672072 0.674501 0.669741 -3.727750e+06 0.668576 0.662842 -3.686222e+06
0.200000 0.010000 0.100000 50 0.659994 0.663063 0.675291 0.669735 -3.711130e+06 0.671934 0.665464 -3.669243e+06
0.200000 0.025000 0.100000 50 0.662854 0.668468 0.680229 0.674289 -3.697510e+06 0.674304 0.667201 -3.653800e+06
0.200000 0.050000 0.100000 50 0.662091 0.679279 0.684179 0.677592 -3.685380e+06 0.677859 0.670422 -3.642001e+06
0.200000 0.100000 0.100000 50 0.667334 0.679279 0.686549 0.679538 -3.672660e+06 0.684969 0.676665 -3.627870e+06
0.200000 0.500000 0.100000 50 0.661138 0.672072 0.681612 0.673090 -3.637710e+06 0.680822 0.671492 -3.591278e+06
0.200000 0.001000 1.000000 50 0.656467 0.672072 0.666008 0.660732 -3.733490e+06 0.659095 0.650639 -3.659947e+06
0.200000 0.001500 1.000000 50 0.654084 0.670270 0.666206 0.660538 -3.732190e+06 0.658898 0.650230 -3.658412e+06
0.200000 0.010000 1.000000 50 0.656277 0.668468 0.672329 0.665356 -3.721420e+06 0.663836 0.654347 -3.647792e+06
0.200000 0.025000 1.000000 50 0.659613 0.670270 0.674304 0.666414 -3.712940e+06 0.672526 0.662262 -3.639441e+06
0.200000 0.050000 1.000000 50 0.663426 0.664865 0.681217 0.672373 -3.705630e+06 0.678649 0.667742 -3.631146e+06
0.200000 0.100000 1.000000 50 0.669526 0.675676 0.681612 0.671860 -3.696300e+06 0.683192 0.671616 -3.622628e+06
0.200000 0.500000 1.000000 50 0.671242 0.664865 0.671736 0.661086 -3.674780e+06 0.693857 0.681662 -3.601975e+06
