0.050000 0.001000 0.001000 50 0.542369 0.547983 0.541255 0.497371 -9.660290e+05 0.545890 0.501272 -9.604120e+05
0.050000 0.001500 0.001000 50 0.542369 0.547983 0.541409 0.497495 -9.659460e+05 0.545735 0.501117 -9.603287e+05
0.050000 0.010000 0.001000 50 0.542055 0.549374 0.541718 0.497706 -9.643470e+05 0.543881 0.499489 -9.586653e+05
0.050000 0.025000 0.001000 50 0.542932 0.553547 0.544499 0.503005 -9.617170e+05 0.546663 0.501797 -9.562143e+05
0.050000 0.050000 0.001000 50 0.546252 0.549374 0.548208 0.506056 -9.577580e+05 0.549907 0.504377 -9.520118e+05
0.050000 0.100000 0.001000 50 0.549133 0.552156 0.554079 0.507583 -9.501700e+05 0.553770 0.510384 -9.443442e+05
0.050000 0.500000 0.001000 50 0.551951 0.559110 0.550062 0.505580 -9.127840e+05 0.550680 0.496780 -9.059807e+05
0.050000 0.001000 0.010000 50 0.572368 0.578581 0.578492 0.492118 -9.645630e+05 0.577256 0.491090 -9.580682e+05
0.050000 0.001500 0.010000 50 0.572305 0.578581 0.578492 0.492118 -9.644730e+05 0.577410 0.491214 -9.579784e+05
0.050000 0.010000 0.010000 50 0.572055 0.579972 0.578183 0.491796 -9.627170e+05 0.578183 0.491916 -9.561011e+05
0.050000 0.025000 0.010000 50 0.572994 0.581363 0.578492 0.492083 -9.598170e+05 0.580037 0.493269 -9.534181e+05
0.050000 0.050000 0.010000 50 0.574936 0.581363 0.581737 0.494730 -9.554660e+05 0.581428 0.494539 -9.487561e+05
0.050000 0.100000 0.010000 50 0.577253 0.592490 0.582355 0.495211 -9.473890e+05 0.582046 0.494938 -9.404662e+05
0.050000 0.500000 0.010000 50 0.585270 0.605007 0.593171 0.504756 -9.107540e+05 0.591162 0.499796 -9.024022e+05
0.050000 0.001000 0.100000 50 0.579508 0.585535 0.581273 0.504189 -9.617890e+05 0.581428 0.507514 -9.526778e+05
0.050000 0.001500 0.100000 50 0.579195 0.585535 0.581428 0.504313 -9.612720e+05 0.580037 0.506362 -9.520951e+05
0.050000 0.010000 0.100000 50 0.578443 0.582754 0.580346 0.506513 -9.593040e+05 0.579419 0.505934 -9.501135e+05
0.050000 0.025000 0.100000 50 0.577378 0.586926 0.579728 0.506082 -9.561740e+05 0.578337 0.505034 -9.469546e+05
0.050000 0.050000 0.100000 50 0.576502 0.589708 0.580501 0.506849 -9.509750e+05 0.578956 0.505601 -9.420052e+05
0.050000 0.100000 0.100000 50 0.577003 0.596662 0.581428 0.507314 -9.427930e+05 0.580501 0.509882 -9.331190e+05
0.050000 0.500000 0.100000 50 0.573996 0.596662 0.585290 0.521743 -9.096640e+05 0.583282 0.526420 -8.970998e+05
0.050000 0.001000 1.000000 50 0.571679 0.579972 0.575556 0.594826 -9.547150e+05 0.578337 0.596632 -9.417298e+05
0.050000 0.001500 1.000000 50 0.571742 0.579972 0.575711 0.594982 -9.547060e+05 0.578337 0.596632 -9.417046e+05
0.050000 0.010000 1.000000 50 0.572681 0.581363 0.576174 0.595376 -9.543540e+05 0.580655 0.598515 -9.406428e+05
0.050000 0.025000 1.000000 50 0.575124 0.581363 0.580501 0.595593 -9.529730e+05 0.584827 0.601992 -9.381656e+05
0.050000 0.050000 1.000000 50 0.578819 0.591099 0.583436 0.597772 -9.501570e+05 0.588072 0.601668 -9.328878e+05
0.050000 0.100000 1.000000 50 0.585645 0.589708 0.588226 0.589331 -9.458080e+05 0.591471 0.607399 -9.261999e+05
0.050000 0.500000 1.000000 50 0.582890 0.571627 0.583745 0.572730 -9.221600e+05 0.590389 0.596140 -8.932870e+05
