0.900000 0.001000 0.001000 50 0.610583 0.652295 0.627472 0.547315 -9.699990e+05 0.616038 0.547271 -9.637344e+05
0.900000 0.001500 0.001000 50 0.615339 0.655076 0.627318 0.547208 -9.697780e+05 0.616038 0.547303 -9.636450e+05
0.900000 0.010000 0.001000 50 0.614744 0.655076 0.627627 0.547483 -9.681080e+05 0.615575 0.546895 -9.619133e+05
0.900000 0.025000 0.001000 50 0.610583 0.652295 0.626854 0.546832 -9.653590e+05 0.615884 0.547118 -9.592346e+05
0.900000 0.050000 0.001000 50 0.607015 0.645341 0.626236 0.543218 -9.607280e+05 0.617738 0.548713 -9.546421e+05
0.900000 0.100000 0.001000 50 0.605826 0.643950 0.627936 0.544470 -9.521600e+05 0.614648 0.545983 -9.461825e+05
0.900000 0.500000 0.001000 50 0.618312 0.634214 0.628554 0.545268 -9.108530e+05 0.622064 0.545918 -9.046656e+05
0.900000 0.001000 0.010000 50 0.620095 0.643950 0.645705 0.556293 -9.694240e+05 0.620674 0.537077 -9.619425e+05
0.900000 0.001500 0.010000 50 0.620095 0.643950 0.646014 0.556605 -9.693350e+05 0.620828 0.537205 -9.618557e+05
0.900000 0.010000 0.010000 50 0.622473 0.646732 0.646014 0.553367 -9.676270e+05 0.621755 0.537944 -9.600626e+05
0.900000 0.025000 0.010000 50 0.620690 0.648122 0.645705 0.549950 -9.647690e+05 0.622373 0.538401 -9.574353e+05
0.900000 0.050000 0.010000 50 0.621879 0.645341 0.643232 0.547867 -9.601480e+05 0.622837 0.535702 -9.528116e+05
0.900000 0.100000 0.010000 50 0.618312 0.638387 0.639679 0.544507 -9.516930e+05 0.621137 0.534443 -9.442935e+05
0.900000 0.500000 0.010000 50 0.612961 0.617524 0.632571 0.535406 -9.105990e+05 0.617892 0.531780 -9.028558e+05
0.900000 0.001000 0.100000 50 0.644471 0.670376 0.659611 0.572274 -9.673480e+05 0.637824 0.561135 -9.581204e+05
0.900000 0.001500 0.100000 50 0.644471 0.670376 0.659611 0.572274 -9.672510e+05 0.638752 0.561920 -9.576162e+05
0.900000 0.010000 0.100000 50 0.643282 0.671766 0.659920 0.572430 -9.649510e+05 0.639988 0.563104 -9.556838e+05
0.900000 0.025000 0.100000 50 0.643282 0.680111 0.660692 0.573339 -9.617260e+05 0.640142 0.557148 -9.525392e+05
0.900000 0.050000 0.100000 50 0.646849 0.677330 0.659456 0.569462 -9.566060e+05 0.641224 0.558324 -9.475086e+05
0.900000 0.100000 0.100000 50 0.642093 0.663421 0.657602 0.564930 -9.473280e+05 0.644159 0.560884 -9.380362e+05
0.900000 0.500000 0.100000 50 0.623662 0.660640 0.653276 0.552468 -9.089830e+05 0.644005 0.559192 -8.977390e+05
0.900000 0.001000 1.000000 50 0.715815 0.727399 0.721106 0.608687 -9.613140e+05 0.715853 0.616582 -9.477036e+05
0.900000 0.001500 1.000000 50 0.715220 0.727399 0.721106 0.608687 -9.612760e+05 0.715853 0.616582 -9.476591e+05
0.900000 0.010000 1.000000 50 0.715815 0.727399 0.722033 0.612441 -9.602080e+05 0.717553 0.617959 -9.463630e+05
0.900000 0.025000 1.000000 50 0.715815 0.728790 0.720643 0.611107 -9.579810e+05 0.710445 0.613301 -9.433391e+05
0.900000 0.050000 1.000000 50 0.714625 0.730181 0.718943 0.609453 -9.542400e+05 0.641224 0.590428 -9.394226e+05
0.900000 0.100000 1.000000 50 0.714031 0.720445 0.708436 0.603290 -9.488200e+05 0.644623 0.585158 -9.319322e+05
0.900000 0.500000 1.000000 50 0.694411 0.688456 0.686805 0.581348 -9.197810e+05 0.677689 0.583137 -8.995630e+05
