0.005000 0.001000 0.001000 50 0.907025 0.900576 0.910871 0.914185 -3.403100e+06 0.908937 0.912272 -3.375261e+06
0.005000 0.001500 0.001000 50 0.907025 0.900576 0.910791 0.914119 -3.402410e+06 0.909824 0.913150 -3.373896e+06
0.005000 0.010000 0.001000 50 0.907369 0.901297 0.911113 0.914569 -3.391230e+06 0.910146 0.913552 -3.363246e+06
0.005000 0.025000 0.001000 50 0.907556 0.901297 0.910952 0.914475 -3.376200e+06 0.910468 0.913992 -3.347448e+06
0.005000 0.050000 0.001000 50 0.907494 0.901297 0.911113 0.914736 -3.356960e+06 0.910307 0.913898 -3.328511e+06
0.005000 0.100000 0.001000 50 0.907743 0.902017 0.909662 0.913409 -3.331900e+06 0.910226 0.913911 -3.302401e+06
0.005000 0.500000 0.001000 50 0.902968 0.894092 0.904344 0.908064 -3.257270e+06 0.904747 0.908504 -3.226765e+06
0.005000 0.001000 0.010000 50 0.915577 0.902738 0.919091 0.921680 -3.396450e+06 0.917963 0.920606 -3.369321e+06
0.005000 0.001500 0.010000 50 0.915483 0.903458 0.919172 0.921755 -3.395710e+06 0.917963 0.920606 -3.368581e+06
0.005000 0.010000 0.010000 50 0.915234 0.902738 0.919010 0.921659 -3.384340e+06 0.918124 0.920805 -3.356143e+06
0.005000 0.025000 0.010000 50 0.915234 0.902017 0.918688 0.921362 -3.367440e+06 0.917963 0.920632 -3.339343e+06
0.005000 0.050000 0.010000 50 0.914734 0.902017 0.918124 0.920788 -3.347530e+06 0.917802 0.920491 -3.318951e+06
0.005000 0.100000 0.010000 50 0.913517 0.900576 0.917157 0.919828 -3.321950e+06 0.917237 0.919917 -3.291725e+06
0.005000 0.500000 0.010000 50 0.911176 0.896974 0.914981 0.917445 -3.249240e+06 0.916432 0.918950 -3.217220e+06
0.005000 0.001000 0.100000 50 0.917169 0.907781 0.921589 0.925265 -3.400930e+06 0.921670 0.925353 -3.368264e+06
0.005000 0.001500 0.100000 50 0.917169 0.907781 0.921831 0.925495 -3.400230e+06 0.921347 0.925048 -3.367608e+06
0.005000 0.010000 0.100000 50 0.917200 0.909942 0.921267 0.925009 -3.388190e+06 0.920944 0.924679 -3.355244e+06
0.005000 0.025000 0.100000 50 0.916732 0.909222 0.920864 0.924593 -3.371240e+06 0.921347 0.925091 -3.337483e+06
0.005000 0.050000 0.100000 50 0.915764 0.909222 0.919575 0.923345 -3.351880e+06 0.919494 0.923300 -3.317035e+06
0.005000 0.100000 0.100000 50 0.911426 0.903458 0.914659 0.917608 -3.326610e+06 0.913692 0.916686 -3.291781e+06
0.005000 0.500000 0.100000 50 0.899597 0.886888 0.899428 0.902786 -3.259360e+06 0.900395 0.903735 -3.221080e+06
0.005000 0.001000 1.000000 50 0.929653 0.912824 0.925377 0.928470 -3.405120e+06 0.929728 0.932895 -3.342384e+06
0.005000 0.001500 1.000000 50 0.929590 0.912824 0.925377 0.928503 -3.404810e+06 0.929728 0.932895 -3.341973e+06
0.005000 0.010000 1.000000 50 0.929621 0.912824 0.924490 0.927784 -3.398890e+06 0.929890 0.933130 -3.332398e+06
0.005000 0.025000 1.000000 50 0.928904 0.911383 0.924651 0.927999 -3.390100e+06 0.929487 0.932817 -3.317130e+06
0.005000 0.050000 1.000000 50 0.927780 0.905620 0.923201 0.926702 -3.377280e+06 0.929084 0.932449 -3.301304e+06
0.005000 0.100000 1.000000 50 0.927312 0.906340 0.922556 0.926189 -3.362390e+06 0.930051 0.933468 -3.284976e+06
0.005000 0.500000 1.000000 50 0.907743 0.878963 0.886453 0.890487 -3.316790e+06 0.899428 0.903133 -3.238197e+06
