0.050000 0.001000 0.001000 50 0.620947 0.618018 0.629271 0.622268 -3.727580e+06 0.630061 0.622318 -3.695801e+06
0.050000 0.001500 0.001000 50 0.621990 0.625225 0.629271 0.622016 -3.726120e+06 0.630456 0.622560 -3.694355e+06
0.050000 0.010000 0.001000 50 0.625281 0.630631 0.637962 0.630698 -3.711010e+06 0.634406 0.626208 -3.678363e+06
0.050000 0.025000 0.001000 50 0.627207 0.643243 0.640529 0.633283 -3.697520e+06 0.637962 0.629578 -3.665218e+06
0.050000 0.050000 0.001000 50 0.624960 0.628829 0.639147 0.630580 -3.685690e+06 0.639739 0.631099 -3.652544e+06
0.050000 0.100000 0.001000 50 0.621027 0.616216 0.638752 0.629560 -3.671700e+06 0.641122 0.631888 -3.638299e+06
0.050000 0.500000 0.001000 50 0.604575 0.601802 0.611693 0.602345 -3.632150e+06 0.609520 0.599139 -3.597507e+06
0.050000 0.001000 0.010000 50 0.641653 0.637838 0.655738 0.643120 -3.729150e+06 0.657910 0.644923 -3.694815e+06
0.050000 0.001500 0.010000 50 0.642777 0.639640 0.656330 0.643660 -3.727270e+06 0.657713 0.644594 -3.693041e+06
0.050000 0.010000 0.010000 50 0.646709 0.650450 0.661071 0.648231 -3.710940e+06 0.659293 0.645344 -3.676038e+06
0.050000 0.025000 0.010000 50 0.648074 0.659459 0.666403 0.653530 -3.697480e+06 0.663243 0.649474 -3.661624e+06
0.050000 0.050000 0.010000 50 0.650000 0.661261 0.664626 0.652127 -3.685040e+06 0.665021 0.651568 -3.648747e+06
0.050000 0.100000 0.010000 50 0.650803 0.666667 0.666008 0.653639 -3.670700e+06 0.664231 0.650822 -3.634015e+06
0.050000 0.500000 0.010000 50 0.621108 0.610811 0.635789 0.624176 -3.632190e+06 0.639937 0.627244 -3.594650e+06
0.050000 0.001000 0.100000 50 0.654173 0.659459 0.666403 0.652553 -3.731210e+06 0.673119 0.658571 -3.690087e+06
0.050000 0.001500 0.100000 50 0.654735 0.661261 0.667391 0.653493 -3.729240e+06 0.671736 0.657118 -3.688128e+06
0.050000 0.010000 0.100000 50 0.655859 0.664865 0.669168 0.654722 -3.713370e+06 0.674304 0.659377 -3.670077e+06
0.050000 0.025000 0.100000 50 0.656902 0.666667 0.669959 0.655227 -3.700410e+06 0.672526 0.656908 -3.656229e+06
0.050000 0.050000 0.100000 50 0.654093 0.677477 0.670946 0.655903 -3.688610e+06 0.674106 0.658333 -3.644010e+06
0.050000 0.100000 0.100000 50 0.654334 0.675676 0.673909 0.659022 -3.675780e+06 0.675686 0.659977 -3.630662e+06
0.050000 0.500000 0.100000 50 0.638122 0.643243 0.657318 0.644765 -3.639450e+06 0.658700 0.645011 -3.592799e+06
0.050000 0.001000 1.000000 50 0.641974 0.639640 0.637764 0.629813 -3.732900e+06 0.643690 0.632599 -3.657850e+06
0.050000 0.001500 1.000000 50 0.640690 0.636036 0.638949 0.630352 -3.731220e+06 0.642702 0.631643 -3.656534e+06
0.050000 0.010000 1.000000 50 0.643018 0.639640 0.646652 0.637535 -3.720980e+06 0.648430 0.636822 -3.648095e+06
0.050000 0.025000 1.000000 50 0.644382 0.646847 0.651787 0.641699 -3.713090e+06 0.651195 0.639147 -3.640992e+06
0.050000 0.050000 1.000000 50 0.646148 0.652252 0.652183 0.641728 -3.705920e+06 0.652973 0.640582 -3.631504e+06
0.050000 0.100000 1.000000 50 0.651364 0.663063 0.657318 0.646354 -3.697070e+06 0.657910 0.645104 -3.623141e+06
0.050000 0.500000 1.000000 50 0.644864 0.641441 0.639344 0.626973 -3.676560e+06 0.660675 0.645161 -3.603297e+06
