0.100000 0.001000 0.001000 50 0.554637 0.554937 0.552070 0.506034 -9.660830e+05 0.548208 0.508755 -9.605491e+05
0.100000 0.001500 0.001000 50 0.554241 0.553547 0.551298 0.505301 -9.658110e+05 0.548208 0.508755 -9.604650e+05
0.100000 0.010000 0.001000 50 0.554571 0.553547 0.552843 0.503716 -9.642210e+05 0.546354 0.503957 -9.585281e+05
0.100000 0.025000 0.001000 50 0.556158 0.554937 0.552843 0.503605 -9.617340e+05 0.547435 0.501768 -9.560637e+05
0.100000 0.050000 0.001000 50 0.558009 0.561892 0.556088 0.509460 -9.575970e+05 0.548053 0.502203 -9.518754e+05
0.100000 0.100000 0.001000 50 0.558802 0.570236 0.560414 0.500610 -9.501800e+05 0.553616 0.506792 -9.444956e+05
0.100000 0.500000 0.001000 50 0.569511 0.577191 0.573548 0.504508 -9.129240e+05 0.561496 0.491116 -9.062925e+05
0.100000 0.001000 0.010000 50 0.577180 0.577191 0.588226 0.526706 -9.647280e+05 0.583436 0.516505 -9.582739e+05
0.100000 0.001500 0.010000 50 0.577312 0.577191 0.588226 0.526710 -9.646370e+05 0.583282 0.516381 -9.581836e+05
0.100000 0.010000 0.010000 50 0.577444 0.579972 0.586990 0.522550 -9.628730e+05 0.581891 0.515259 -9.562938e+05
0.100000 0.025000 0.010000 50 0.579626 0.584145 0.589308 0.521297 -9.601630e+05 0.583591 0.516765 -9.535881e+05
0.100000 0.050000 0.010000 50 0.580948 0.589708 0.590235 0.513185 -9.555730e+05 0.583745 0.513775 -9.488704e+05
0.100000 0.100000 0.010000 50 0.582733 0.598053 0.593325 0.518875 -9.473680e+05 0.587299 0.513603 -9.404772e+05
0.100000 0.500000 0.010000 50 0.582270 0.585535 0.593016 0.524404 -9.105500e+05 0.583436 0.515887 -9.023247e+05
0.100000 0.001000 0.100000 50 0.564355 0.571627 0.569994 0.506421 -9.604350e+05 0.568449 0.504771 -9.518084e+05
0.100000 0.001500 0.100000 50 0.564355 0.573018 0.570303 0.506675 -9.603450e+05 0.568140 0.507625 -9.512236e+05
0.100000 0.010000 0.100000 50 0.565347 0.575800 0.570612 0.506986 -9.584320e+05 0.568140 0.507472 -9.492576e+05
0.100000 0.025000 0.100000 50 0.567330 0.571627 0.572466 0.511916 -9.553130e+05 0.567985 0.507320 -9.461188e+05
0.100000 0.050000 0.100000 50 0.569644 0.571627 0.575402 0.511602 -9.504620e+05 0.570148 0.509089 -9.412180e+05
0.100000 0.100000 0.100000 50 0.571164 0.574409 0.579265 0.524394 -9.420210e+05 0.572157 0.511367 -9.324717e+05
0.100000 0.500000 0.100000 50 0.571362 0.589708 0.586372 0.527527 -9.085900e+05 0.578801 0.520757 -8.964326e+05
0.100000 0.001000 1.000000 50 0.684934 0.702364 0.683251 0.576314 -9.555080e+05 0.673980 0.588442 -9.430811e+05
0.100000 0.001500 1.000000 50 0.684934 0.702364 0.683251 0.576314 -9.554950e+05 0.673980 0.588442 -9.430549e+05
0.100000 0.010000 1.000000 50 0.685265 0.705146 0.683096 0.576027 -9.550370e+05 0.673980 0.594427 -9.419411e+05
0.100000 0.025000 1.000000 50 0.684604 0.699583 0.684796 0.580263 -9.535680e+05 0.675371 0.595267 -9.400687e+05
0.100000 0.050000 1.000000 50 0.683348 0.702364 0.686805 0.578512 -9.508170e+05 0.675989 0.595162 -9.354843e+05
0.100000 0.100000 1.000000 50 0.683083 0.692629 0.685105 0.597629 -9.471980e+05 0.669190 0.591293 -9.266921e+05
0.100000 0.500000 1.000000 50 0.651947 0.642559 0.647868 0.577805 -9.213070e+05 0.637979 0.585394 -8.927274e+05
