0.700000 0.001000 0.001000 50 0.611618 0.638387 0.617120 0.534206 -9.677370e+05 0.597342 0.520379 -9.613781e+05
0.700000 0.001500 0.001000 50 0.611618 0.638387 0.617120 0.534206 -9.676490e+05 0.597342 0.520379 -9.612907e+05
0.700000 0.010000 0.001000 50 0.611618 0.636996 0.616502 0.533618 -9.660240e+05 0.597651 0.520600 -9.595957e+05
0.700000 0.025000 0.001000 50 0.612213 0.635605 0.616965 0.533968 -9.632690e+05 0.598424 0.521133 -9.569803e+05
0.700000 0.050000 0.001000 50 0.612807 0.636996 0.617120 0.533942 -9.588170e+05 0.600278 0.522640 -9.525140e+05
0.700000 0.100000 0.001000 50 0.614592 0.638387 0.618047 0.531751 -9.505850e+05 0.598578 0.515020 -9.442983e+05
0.700000 0.500000 0.001000 50 0.612609 0.643950 0.619901 0.527387 -9.104500e+05 0.606768 0.512818 -9.039526e+05
0.700000 0.001000 0.010000 50 0.624504 0.635605 0.632571 0.547341 -9.665510e+05 0.626082 0.536688 -9.597021e+05
0.700000 0.001500 0.010000 50 0.623711 0.631433 0.634116 0.545581 -9.662430e+05 0.626082 0.536688 -9.596077e+05
0.700000 0.010000 0.010000 50 0.624901 0.632823 0.633962 0.545389 -9.646120e+05 0.625927 0.536450 -9.576507e+05
0.700000 0.025000 0.010000 50 0.625099 0.638387 0.634271 0.542504 -9.615380e+05 0.625000 0.532186 -9.545126e+05
0.700000 0.050000 0.010000 50 0.628073 0.638387 0.636279 0.544229 -9.566460e+05 0.625000 0.538329 -9.498597e+05
0.700000 0.100000 0.010000 50 0.628866 0.645341 0.637979 0.548500 -9.477730e+05 0.623609 0.539910 -9.409184e+05
0.700000 0.500000 0.010000 50 0.628073 0.656467 0.637824 0.545947 -9.080480e+05 0.631335 0.540435 -8.997647e+05
0.700000 0.001000 0.100000 50 0.653053 0.655076 0.654821 0.576352 -9.647530e+05 0.637670 0.567238 -9.556822e+05
0.700000 0.001500 0.100000 50 0.652855 0.655076 0.654666 0.576228 -9.646600e+05 0.637670 0.567238 -9.555924e+05
0.700000 0.010000 0.100000 50 0.653053 0.657858 0.655902 0.577219 -9.624210e+05 0.639679 0.565714 -9.532747e+05
0.700000 0.025000 0.100000 50 0.652657 0.662031 0.656829 0.581181 -9.592280e+05 0.638752 0.564701 -9.500963e+05
0.700000 0.050000 0.100000 50 0.650079 0.663421 0.656057 0.580602 -9.541510e+05 0.637206 0.560225 -9.449753e+05
0.700000 0.100000 0.100000 50 0.648295 0.655076 0.654666 0.576477 -9.450040e+05 0.639370 0.558941 -9.356578e+05
0.700000 0.500000 0.100000 50 0.642347 0.653686 0.659302 0.562913 -9.072920e+05 0.643850 0.555649 -8.955641e+05
0.700000 0.001000 1.000000 50 0.709952 0.727399 0.719716 0.612605 -9.600620e+05 0.695148 0.610801 -9.461274e+05
0.700000 0.001500 1.000000 50 0.710151 0.727399 0.719716 0.612638 -9.600240e+05 0.695148 0.610801 -9.460822e+05
0.700000 0.010000 1.000000 50 0.709952 0.726008 0.719870 0.612788 -9.590370e+05 0.693603 0.606319 -9.447290e+05
0.700000 0.025000 1.000000 50 0.709556 0.723227 0.719252 0.612157 -9.569140e+05 0.688968 0.607990 -9.423763e+05
0.700000 0.050000 1.000000 50 0.706979 0.719054 0.717089 0.610237 -9.531090e+05 0.688195 0.604238 -9.367798e+05
0.700000 0.100000 1.000000 50 0.704005 0.717663 0.709518 0.603672 -9.471670e+05 0.677689 0.607160 -9.296273e+05
0.700000 0.500000 1.000000 50 0.667922 0.664812 0.663164 0.562080 -9.181650e+05 0.665173 0.587442 -8.946968e+05
