0.200000 0.001000 0.001000 50 0.683248 0.690476 0.686505 0.686499 -1.893090e+07 0.684336 0.684330 -1.888216e+07
0.200000 0.001500 0.001000 50 0.683095 0.690952 0.686399 0.686393 -1.892510e+07 0.684442 0.684436 -1.887630e+07
0.200000 0.010000 0.001000 50 0.683350 0.689048 0.686928 0.686922 -1.883660e+07 0.685605 0.685600 -1.878494e+07
0.200000 0.025000 0.001000 50 0.684523 0.690952 0.688092 0.688086 -1.873180e+07 0.686029 0.686023 -1.867869e+07
0.200000 0.050000 0.001000 50 0.685391 0.690476 0.688780 0.688774 -1.862270e+07 0.688356 0.688351 -1.856781e+07
0.200000 0.100000 0.001000 50 0.686513 0.693333 0.689996 0.689990 -1.849790e+07 0.688356 0.688350 -1.844111e+07
0.200000 0.500000 0.001000 50 0.680748 0.691905 0.687457 0.687450 -1.821940e+07 0.685394 0.685387 -1.815856e+07
0.200000 0.001000 0.010000 50 0.682151 0.684762 0.683966 0.683960 -1.893020e+07 0.683648 0.683643 -1.887920e+07
0.200000 0.001500 0.010000 50 0.682330 0.685238 0.684071 0.684066 -1.892440e+07 0.683966 0.683960 -1.887326e+07
0.200000 0.010000 0.010000 50 0.683248 0.688095 0.685024 0.685018 -1.883690e+07 0.684283 0.684278 -1.877968e+07
0.200000 0.025000 0.010000 50 0.684472 0.685714 0.685976 0.685970 -1.872930e+07 0.685024 0.685018 -1.866959e+07
0.200000 0.050000 0.010000 50 0.684319 0.688095 0.686875 0.686869 -1.861400e+07 0.685500 0.685494 -1.855438e+07
0.200000 0.100000 0.010000 50 0.685187 0.686667 0.686928 0.686921 -1.848860e+07 0.685024 0.685017 -1.842371e+07
0.200000 0.500000 0.010000 50 0.682508 0.689048 0.683384 0.683375 -1.820390e+07 0.682167 0.682158 -1.813895e+07
0.200000 0.001000 0.100000 50 0.683044 0.684286 0.685288 0.685283 -1.893920e+07 0.682273 0.682267 -1.887653e+07
0.200000 0.001500 0.100000 50 0.682993 0.684286 0.685341 0.685336 -1.893380e+07 0.682273 0.682267 -1.887098e+07
0.200000 0.010000 0.100000 50 0.683426 0.685238 0.685711 0.685706 -1.884940e+07 0.683436 0.683431 -1.878546e+07
0.200000 0.025000 0.100000 50 0.683937 0.688095 0.686663 0.686657 -1.874040e+07 0.684812 0.684806 -1.867160e+07
0.200000 0.050000 0.100000 50 0.684039 0.689048 0.687404 0.687397 -1.863260e+07 0.685500 0.685493 -1.856032e+07
0.200000 0.100000 0.100000 50 0.684932 0.691905 0.688198 0.688190 -1.850960e+07 0.685870 0.685863 -1.843351e+07
0.200000 0.500000 0.100000 50 0.683962 0.689524 0.686187 0.686180 -1.823890e+07 0.685076 0.685069 -1.815547e+07
0.200000 0.001000 1.000000 50 0.691385 0.694762 0.693699 0.693691 -1.893320e+07 0.692430 0.692422 -1.882837e+07
0.200000 0.001500 1.000000 50 0.691411 0.695238 0.693699 0.693691 -1.892690e+07 0.692853 0.692845 -1.882179e+07
0.200000 0.010000 1.000000 50 0.695008 0.696667 0.698884 0.698875 -1.883010e+07 0.695445 0.695437 -1.871592e+07
0.200000 0.025000 1.000000 50 0.698196 0.701429 0.701000 0.700990 -1.872460e+07 0.698672 0.698664 -1.860637e+07
0.200000 0.050000 1.000000 50 0.701283 0.695714 0.704015 0.704006 -1.862810e+07 0.700577 0.700567 -1.849819e+07
0.200000 0.100000 1.000000 50 0.702099 0.700952 0.705761 0.705750 -1.851800e+07 0.702851 0.702841 -1.838502e+07
0.200000 0.500000 1.000000 50 0.696309 0.700476 0.696239 0.696228 -1.829010e+07 0.695710 0.695698 -1.814356e+07
