0.500000 0.001000 0.001000 50 0.671241 0.679279 0.684377 0.676163 -3.728580e+06 0.677464 0.669605 -3.696968e+06
0.500000 0.001500 0.001000 50 0.670631 0.681081 0.684377 0.676177 -3.726800e+06 0.678056 0.670119 -3.695159e+06
0.500000 0.010000 0.001000 50 0.677036 0.691892 0.689117 0.681016 -3.711450e+06 0.681612 0.673534 -3.679541e+06
0.500000 0.025000 0.001000 50 0.677798 0.693694 0.690302 0.681479 -3.698620e+06 0.682204 0.673534 -3.666504e+06
0.500000 0.050000 0.001000 50 0.677493 0.697297 0.688722 0.679055 -3.686080e+06 0.682599 0.673458 -3.653472e+06
0.500000 0.100000 0.001000 50 0.674596 0.688288 0.685167 0.674982 -3.671510e+06 0.680822 0.670497 -3.638612e+06
0.500000 0.500000 0.001000 50 0.662245 0.679279 0.674896 0.664967 -3.631870e+06 0.671934 0.661028 -3.598018e+06
0.500000 0.001000 0.010000 50 0.666057 0.702703 0.673316 0.667136 -3.729660e+06 0.667983 0.660423 -3.695706e+06
0.500000 0.001500 0.010000 50 0.666819 0.708108 0.674501 0.668090 -3.727840e+06 0.669366 0.661896 -3.693825e+06
0.500000 0.010000 0.010000 50 0.674596 0.713514 0.684772 0.678465 -3.711880e+06 0.677859 0.670212 -3.677275e+06
0.500000 0.025000 0.010000 50 0.674291 0.711712 0.685759 0.679061 -3.698540e+06 0.675686 0.668238 -3.663366e+06
0.500000 0.050000 0.010000 50 0.674596 0.695495 0.688130 0.681282 -3.685780e+06 0.674896 0.667039 -3.650281e+06
0.500000 0.100000 0.010000 50 0.672461 0.691892 0.685167 0.678109 -3.671070e+06 0.676871 0.669070 -3.635151e+06
0.500000 0.500000 0.010000 50 0.658585 0.682883 0.659885 0.651398 -3.632690e+06 0.661861 0.652624 -3.595297e+06
0.500000 0.001000 0.100000 50 0.691979 0.711712 0.709263 0.700489 -3.733520e+06 0.696820 0.687280 -3.692172e+06
0.500000 0.001500 0.100000 50 0.691674 0.713514 0.708473 0.699675 -3.731560e+06 0.698203 0.688632 -3.690016e+06
0.500000 0.010000 0.100000 50 0.695944 0.720721 0.712226 0.703225 -3.715430e+06 0.700770 0.691376 -3.671207e+06
0.500000 0.025000 0.100000 50 0.693199 0.720721 0.712621 0.703155 -3.702890e+06 0.700770 0.691088 -3.657824e+06
0.500000 0.050000 0.100000 50 0.688625 0.722523 0.711633 0.701901 -3.691890e+06 0.701165 0.690858 -3.646694e+06
0.500000 0.100000 0.100000 50 0.686185 0.715315 0.708078 0.698255 -3.678490e+06 0.703338 0.692772 -3.632608e+06
0.500000 0.500000 0.100000 50 0.665447 0.681081 0.685364 0.675343 -3.643350e+06 0.685957 0.674973 -3.596109e+06
0.500000 0.001000 1.000000 50 0.697469 0.736937 0.713609 0.704910 -3.736140e+06 0.700573 0.689143 -3.664024e+06
0.500000 0.001500 1.000000 50 0.698079 0.735135 0.714201 0.705435 -3.735120e+06 0.701165 0.689796 -3.663080e+06
0.500000 0.010000 1.000000 50 0.706160 0.735135 0.719929 0.711144 -3.725270e+06 0.706498 0.695098 -3.649667e+06
0.500000 0.025000 1.000000 50 0.710278 0.733333 0.721311 0.712131 -3.715210e+06 0.713016 0.701246 -3.638997e+06
0.500000 0.050000 1.000000 50 0.712107 0.724324 0.719534 0.710042 -3.706910e+06 0.713214 0.700697 -3.630257e+06
0.500000 0.100000 1.000000 50 0.709973 0.720721 0.712423 0.702075 -3.697140e+06 0.714201 0.700847 -3.622116e+06
0.500000 0.500000 1.000000 50 0.697011 0.713514 0.692080 0.680057 -3.673100e+06 0.707881 0.693613 -3.597980e+06
