0.900000 0.001000 0.001000 50 0.620690 0.614743 0.632262 0.550117 -9.678140e+05 0.614339 0.529438 -9.615585e+05
0.900000 0.001500 0.001000 50 0.619501 0.618915 0.633035 0.547656 -9.676050e+05 0.614339 0.529438 -9.614656e+05
0.900000 0.010000 0.001000 50 0.617717 0.617524 0.632108 0.546853 -9.659010e+05 0.616347 0.531009 -9.594683e+05
0.900000 0.025000 0.001000 50 0.619501 0.617524 0.632108 0.549959 -9.630700e+05 0.615884 0.530704 -9.566892e+05
0.900000 0.050000 0.001000 50 0.617717 0.618915 0.630408 0.548504 -9.583460e+05 0.618047 0.532521 -9.519865e+05
0.900000 0.100000 0.001000 50 0.615933 0.618915 0.629481 0.547789 -9.494800e+05 0.618356 0.532817 -9.433961e+05
0.900000 0.500000 0.001000 50 0.615339 0.623088 0.630408 0.539428 -9.084240e+05 0.623300 0.536840 -9.023035e+05
0.900000 0.001000 0.010000 50 0.618312 0.620306 0.635198 0.552596 -9.683720e+05 0.614339 0.528411 -9.609756e+05
0.900000 0.001500 0.010000 50 0.618312 0.620306 0.635198 0.552596 -9.682780e+05 0.615575 0.529540 -9.605470e+05
0.900000 0.010000 0.010000 50 0.621284 0.624478 0.636434 0.553736 -9.665210e+05 0.614957 0.529074 -9.589811e+05
0.900000 0.025000 0.010000 50 0.623068 0.628651 0.637206 0.557545 -9.635270e+05 0.616656 0.530790 -9.559033e+05
0.900000 0.050000 0.010000 50 0.624257 0.623088 0.637670 0.554887 -9.588420e+05 0.618047 0.532090 -9.510522e+05
0.900000 0.100000 0.010000 50 0.623662 0.625869 0.639370 0.556582 -9.499480e+05 0.617429 0.531513 -9.424887e+05
0.900000 0.500000 0.010000 50 0.613555 0.639777 0.634580 0.546629 -9.094200e+05 0.617429 0.528096 -9.014394e+05
0.900000 0.001000 0.100000 50 0.646849 0.675939 0.667491 0.573935 -9.659840e+05 0.652194 0.578878 -9.569570e+05
0.900000 0.001500 0.100000 50 0.646849 0.675939 0.667491 0.573935 -9.658830e+05 0.652194 0.578878 -9.568605e+05
0.900000 0.010000 0.100000 50 0.648633 0.677330 0.668727 0.575049 -9.635230e+05 0.653585 0.580084 -9.544607e+05
0.900000 0.025000 0.100000 50 0.649822 0.677330 0.668727 0.577909 -9.601070e+05 0.654512 0.580956 -9.511307e+05
0.900000 0.050000 0.100000 50 0.647444 0.681502 0.666409 0.575853 -9.547470e+05 0.656675 0.582639 -9.458242e+05
0.900000 0.100000 0.100000 50 0.643876 0.680111 0.665482 0.572021 -9.453010e+05 0.656675 0.582531 -9.362612e+05
0.900000 0.500000 0.100000 50 0.642093 0.681502 0.662392 0.563633 -9.064620e+05 0.655439 0.569701 -8.952910e+05
0.900000 0.001000 1.000000 50 0.714625 0.737135 0.722960 0.610341 -9.624360e+05 0.680161 0.599017 -9.499804e+05
0.900000 0.001500 1.000000 50 0.714625 0.737135 0.723269 0.610612 -9.620930e+05 0.679543 0.598458 -9.499391e+05
0.900000 0.010000 1.000000 50 0.714031 0.734353 0.723733 0.610953 -9.610940e+05 0.680779 0.596489 -9.485969e+05
0.900000 0.025000 1.000000 50 0.712842 0.737135 0.722497 0.609834 -9.594690e+05 0.681242 0.596864 -9.462127e+05
0.900000 0.050000 1.000000 50 0.712247 0.735744 0.719716 0.613450 -9.560990e+05 0.689122 0.607936 -9.418039e+05
0.900000 0.100000 1.000000 50 0.712247 0.730181 0.713226 0.607897 -9.492080e+05 0.690049 0.608644 -9.321945e+05
0.900000 0.500000 1.000000 50 0.675981 0.670376 0.687732 0.591297 -9.241510e+05 0.679234 0.604287 -9.020375e+05
