0.500000 0.001000 0.001000 50 0.676121 0.702703 0.681414 0.673997 -3.731240e+06 0.675489 0.667725 -3.700753e+06
0.500000 0.001500 0.001000 50 0.676273 0.702703 0.681809 0.674407 -3.729330e+06 0.676674 0.669015 -3.698312e+06
0.500000 0.010000 0.001000 50 0.682068 0.691892 0.690302 0.681849 -3.712490e+06 0.684179 0.675632 -3.681115e+06
0.500000 0.025000 0.001000 50 0.685575 0.697297 0.692475 0.683544 -3.699570e+06 0.686747 0.677714 -3.667850e+06
0.500000 0.050000 0.001000 50 0.686490 0.690090 0.691487 0.681537 -3.687460e+06 0.685759 0.675839 -3.655531e+06
0.500000 0.100000 0.001000 50 0.684050 0.682883 0.690302 0.679810 -3.673120e+06 0.685364 0.674467 -3.640912e+06
0.500000 0.500000 0.001000 50 0.667429 0.679279 0.678649 0.667430 -3.634230e+06 0.672329 0.660223 -3.600862e+06
0.500000 0.001000 0.010000 50 0.666819 0.690090 0.682797 0.674339 -3.728070e+06 0.672329 0.664192 -3.693830e+06
0.500000 0.001500 0.010000 50 0.668039 0.688288 0.684772 0.676323 -3.726350e+06 0.672526 0.664212 -3.692095e+06
0.500000 0.010000 0.010000 50 0.669564 0.686486 0.687142 0.678859 -3.710170e+06 0.676871 0.668420 -3.675595e+06
0.500000 0.025000 0.010000 50 0.667124 0.690090 0.686352 0.678122 -3.696950e+06 0.676871 0.668061 -3.661843e+06
0.500000 0.050000 0.010000 50 0.667582 0.691892 0.687537 0.678962 -3.684200e+06 0.675686 0.666621 -3.648752e+06
0.500000 0.100000 0.010000 50 0.666514 0.688288 0.682994 0.674158 -3.669290e+06 0.677266 0.667502 -3.633522e+06
0.500000 0.500000 0.010000 50 0.656450 0.668468 0.670946 0.661435 -3.631020e+06 0.672329 0.661335 -3.593942e+06
0.500000 0.001000 0.100000 50 0.687710 0.717117 0.707091 0.698711 -3.735450e+06 0.687537 0.678451 -3.694106e+06
0.500000 0.001500 0.100000 50 0.688320 0.717117 0.705116 0.696680 -3.733390e+06 0.687340 0.678157 -3.691925e+06
0.500000 0.010000 0.100000 50 0.690759 0.717117 0.703338 0.693742 -3.715980e+06 0.687142 0.677781 -3.672113e+06
0.500000 0.025000 0.100000 50 0.688930 0.709910 0.701758 0.692570 -3.703130e+06 0.686549 0.677190 -3.658675e+06
0.500000 0.050000 0.100000 50 0.685422 0.699099 0.697018 0.687664 -3.691570e+06 0.686549 0.676655 -3.647861e+06
0.500000 0.100000 0.100000 50 0.682525 0.699099 0.694055 0.684519 -3.679200e+06 0.687932 0.677622 -3.634219e+06
0.500000 0.500000 0.100000 50 0.667124 0.695495 0.679242 0.668539 -3.646070e+06 0.680427 0.668705 -3.599185e+06
0.500000 0.001000 1.000000 50 0.640592 0.648649 0.658898 0.651733 -3.738050e+06 0.647047 0.637482 -3.673947e+06
0.500000 0.001500 1.000000 50 0.644404 0.648649 0.659490 0.652265 -3.736830e+06 0.647837 0.638226 -3.672591e+06
0.500000 0.010000 1.000000 50 0.646539 0.668468 0.661268 0.652928 -3.724500e+06 0.648825 0.638224 -3.659088e+06
0.500000 0.025000 1.000000 50 0.647606 0.668468 0.662058 0.653263 -3.715470e+06 0.651985 0.640232 -3.651124e+06
0.500000 0.050000 1.000000 50 0.650656 0.657658 0.667983 0.659102 -3.707850e+06 0.657713 0.644968 -3.642639e+06
0.500000 0.100000 1.000000 50 0.654315 0.668468 0.670749 0.660910 -3.698650e+06 0.669366 0.655952 -3.632289e+06
0.500000 0.500000 1.000000 50 0.662550 0.643243 0.660873 0.650718 -3.673190e+06 0.673119 0.658417 -3.607712e+06
