0.700000 0.001000 0.001000 50 0.622324 0.634214 0.628245 0.543948 -9.679680e+05 0.617274 0.538274 -9.618628e+05
0.700000 0.001500 0.001000 50 0.623117 0.634214 0.628708 0.544326 -9.677500e+05 0.617120 0.538150 -9.617722e+05
0.700000 0.010000 0.001000 50 0.622522 0.632823 0.628245 0.543949 -9.660620e+05 0.616347 0.537309 -9.600270e+05
0.700000 0.025000 0.001000 50 0.620143 0.632823 0.628554 0.544070 -9.631780e+05 0.616811 0.534647 -9.571281e+05
0.700000 0.050000 0.001000 50 0.620936 0.630042 0.628090 0.543705 -9.586300e+05 0.615266 0.533152 -9.526729e+05
0.700000 0.100000 0.001000 50 0.619944 0.634214 0.630717 0.549073 -9.501070e+05 0.614957 0.532635 -9.442198e+05
0.700000 0.500000 0.001000 50 0.625297 0.642559 0.630408 0.542654 -9.100180e+05 0.620828 0.534331 -9.035437e+05
0.700000 0.001000 0.010000 50 0.631245 0.635605 0.629790 0.549074 -9.663680e+05 0.611867 0.535692 -9.595464e+05
0.700000 0.001500 0.010000 50 0.631443 0.635605 0.629481 0.548794 -9.662760e+05 0.611867 0.535692 -9.594558e+05
0.700000 0.010000 0.010000 50 0.631840 0.636996 0.631335 0.550428 -9.645030e+05 0.613566 0.537233 -9.575743e+05
0.700000 0.025000 0.010000 50 0.634219 0.648122 0.631489 0.550616 -9.615570e+05 0.614957 0.538466 -9.545561e+05
0.700000 0.050000 0.010000 50 0.636201 0.650904 0.631799 0.550959 -9.568090e+05 0.614802 0.538275 -9.500595e+05
0.700000 0.100000 0.010000 50 0.637193 0.657858 0.636588 0.549488 -9.480200e+05 0.619283 0.545847 -9.413565e+05
0.700000 0.500000 0.010000 50 0.636201 0.657858 0.637824 0.542176 -9.078050e+05 0.628399 0.546429 -9.000560e+05
0.700000 0.001000 0.100000 50 0.636796 0.650904 0.647404 0.570266 -9.651480e+05 0.623455 0.545189 -9.555857e+05
0.700000 0.001500 0.100000 50 0.637787 0.652295 0.648177 0.570962 -9.646900e+05 0.623300 0.545065 -9.554919e+05
0.700000 0.010000 0.100000 50 0.637787 0.652295 0.649104 0.571801 -9.626810e+05 0.624691 0.546126 -9.530843e+05
0.700000 0.025000 0.100000 50 0.636994 0.657858 0.650185 0.569554 -9.593500e+05 0.624382 0.548578 -9.498087e+05
0.700000 0.050000 0.100000 50 0.637589 0.659249 0.648486 0.567767 -9.537930e+05 0.624691 0.548955 -9.445748e+05
0.700000 0.100000 0.100000 50 0.641356 0.662031 0.650958 0.564139 -9.448360e+05 0.625000 0.546300 -9.351376e+05
0.700000 0.500000 0.100000 50 0.633822 0.655076 0.654666 0.559387 -9.069030e+05 0.634425 0.549690 -8.955870e+05
0.700000 0.001000 1.000000 50 0.676051 0.699583 0.703337 0.620508 -9.610380e+05 0.665019 0.616103 -9.461286e+05
0.700000 0.001500 1.000000 50 0.676249 0.699583 0.702874 0.617020 -9.610010e+05 0.665019 0.616103 -9.460896e+05
0.700000 0.010000 1.000000 50 0.676051 0.702364 0.703183 0.620284 -9.600640e+05 0.665637 0.616667 -9.446865e+05
0.700000 0.025000 1.000000 50 0.677439 0.703755 0.701174 0.615430 -9.579730e+05 0.664710 0.612694 -9.420629e+05
0.700000 0.050000 1.000000 50 0.677637 0.702364 0.697621 0.609227 -9.539640e+05 0.667800 0.618186 -9.364114e+05
0.700000 0.100000 1.000000 50 0.680016 0.694019 0.692367 0.608322 -9.468210e+05 0.664555 0.609326 -9.284990e+05
0.700000 0.500000 1.000000 50 0.669310 0.674548 0.665019 0.576550 -9.193610e+05 0.662855 0.602430 -8.965471e+05
