0.200000 0.001000 0.001000 50 0.558530 0.584145 0.566440 0.499496 -9.661880e+05 0.553925 0.498138 -9.603066e+05
0.200000 0.001500 0.001000 50 0.558233 0.584145 0.566440 0.502455 -9.659310e+05 0.553770 0.498015 -9.602194e+05
0.200000 0.010000 0.001000 50 0.557192 0.578581 0.564740 0.500849 -9.642820e+05 0.552070 0.496513 -9.584458e+05
0.200000 0.025000 0.001000 50 0.557787 0.579972 0.564431 0.500575 -9.616640e+05 0.551916 0.496309 -9.556011e+05
0.200000 0.050000 0.001000 50 0.557489 0.579972 0.565204 0.500982 -9.572470e+05 0.552998 0.497041 -9.511674e+05
0.200000 0.100000 0.001000 50 0.559943 0.581363 0.566131 0.498528 -9.492100e+05 0.552998 0.496920 -9.431256e+05
0.200000 0.500000 0.001000 50 0.570430 0.591099 0.576329 0.497865 -9.109390e+05 0.568140 0.503306 -9.044528e+05
0.200000 0.001000 0.010000 50 0.577718 0.561892 0.585445 0.518665 -9.650940e+05 0.570457 0.512297 -9.584650e+05
0.200000 0.001500 0.010000 50 0.577941 0.561892 0.585600 0.518789 -9.650080e+05 0.570612 0.512421 -9.583803e+05
0.200000 0.010000 0.010000 50 0.577867 0.557719 0.585136 0.521459 -9.633140e+05 0.568294 0.510480 -9.565421e+05
0.200000 0.025000 0.010000 50 0.577198 0.556328 0.584363 0.520812 -9.605340e+05 0.567522 0.509835 -9.536588e+05
0.200000 0.050000 0.010000 50 0.579354 0.554937 0.587145 0.519915 -9.563450e+05 0.569839 0.511751 -9.494888e+05
0.200000 0.100000 0.010000 50 0.580916 0.557719 0.588999 0.521384 -9.483140e+05 0.572621 0.513999 -9.413488e+05
0.200000 0.500000 0.010000 50 0.579726 0.581363 0.589153 0.517572 -9.107380e+05 0.583900 0.516097 -9.026632e+05
0.200000 0.001000 0.100000 50 0.583371 0.592490 0.592398 0.512795 -9.629650e+05 0.579883 0.505577 -9.537412e+05
0.200000 0.001500 0.100000 50 0.583594 0.591099 0.592089 0.512552 -9.624920e+05 0.579419 0.505148 -9.531966e+05
0.200000 0.010000 0.100000 50 0.584784 0.592490 0.592707 0.512980 -9.605910e+05 0.580192 0.505792 -9.512693e+05
0.200000 0.025000 0.100000 50 0.587610 0.598053 0.595488 0.515075 -9.572270e+05 0.581582 0.506809 -9.481836e+05
0.200000 0.050000 0.100000 50 0.591849 0.591099 0.600124 0.518819 -9.527510e+05 0.584209 0.508910 -9.433346e+05
0.200000 0.100000 0.100000 50 0.593931 0.602225 0.603986 0.518838 -9.444600e+05 0.589617 0.519402 -9.346429e+05
0.200000 0.500000 0.100000 50 0.594972 0.600834 0.609240 0.520193 -9.100180e+05 0.600742 0.519192 -8.976901e+05
0.200000 0.001000 1.000000 50 0.661684 0.663421 0.660538 0.584854 -9.568730e+05 0.646786 0.581114 -9.423227e+05
0.200000 0.001500 1.000000 50 0.661684 0.663421 0.660538 0.584858 -9.568350e+05 0.646786 0.581114 -9.422871e+05
0.200000 0.010000 1.000000 50 0.661163 0.662031 0.659920 0.584144 -9.558860e+05 0.647095 0.581371 -9.409506e+05
0.200000 0.025000 1.000000 50 0.660940 0.662031 0.657602 0.582012 -9.536420e+05 0.645396 0.579544 -9.388647e+05
0.200000 0.050000 1.000000 50 0.659378 0.660640 0.656057 0.583224 -9.496840e+05 0.644932 0.581876 -9.332076e+05
0.200000 0.100000 1.000000 50 0.657221 0.650904 0.654203 0.583853 -9.447580e+05 0.642614 0.585513 -9.265937e+05
0.200000 0.500000 1.000000 50 0.634613 0.627260 0.629326 0.580378 -9.214250e+05 0.601360 0.582163 -8.988205e+05
