0.010000 0.001000 0.001000 50 0.530757 0.542342 0.531701 0.522978 -3.732530e+06 0.531701 0.521435 -3.699335e+06
0.010000 0.001500 0.001000 50 0.533913 0.549550 0.536046 0.528017 -3.731110e+06 0.533083 0.522887 -3.697909e+06
0.010000 0.010000 0.001000 50 0.549234 0.554955 0.553229 0.544363 -3.715130e+06 0.550069 0.540291 -3.682598e+06
0.010000 0.025000 0.001000 50 0.554469 0.551351 0.561920 0.552146 -3.701740e+06 0.566463 0.555680 -3.669145e+06
0.010000 0.050000 0.001000 50 0.559396 0.569369 0.568635 0.558163 -3.689310e+06 0.570413 0.559419 -3.656301e+06
0.010000 0.100000 0.001000 50 0.555316 0.563964 0.566265 0.555162 -3.674960e+06 0.567055 0.555804 -3.641727e+06
0.010000 0.500000 0.001000 50 0.512203 0.502703 0.517677 0.507428 -3.636500e+06 0.523405 0.513070 -3.601687e+06
0.010000 0.001000 0.010000 50 0.570252 0.572973 0.569820 0.559303 -3.731240e+06 0.576141 0.564561 -3.694632e+06
0.010000 0.001500 0.010000 50 0.570791 0.578378 0.571993 0.561337 -3.729430e+06 0.578511 0.566696 -3.693016e+06
0.010000 0.010000 0.010000 50 0.567403 0.556757 0.571993 0.560999 -3.716210e+06 0.582461 0.570903 -3.679594e+06
0.010000 0.025000 0.010000 50 0.574717 0.574775 0.581868 0.569498 -3.703160e+06 0.585226 0.572718 -3.665776e+06
0.010000 0.050000 0.010000 50 0.577720 0.576577 0.587794 0.575212 -3.690590e+06 0.590954 0.578427 -3.652862e+06
0.010000 0.100000 0.010000 50 0.577412 0.574775 0.590164 0.577126 -3.676800e+06 0.590756 0.577926 -3.638181e+06
0.010000 0.500000 0.010000 50 0.531450 0.518919 0.543156 0.531096 -3.639500e+06 0.543551 0.531553 -3.600743e+06
0.010000 0.001000 0.100000 50 0.588806 0.616216 0.599249 0.584327 -3.737760e+06 0.608335 0.593839 -3.695174e+06
0.010000 0.001500 0.100000 50 0.590962 0.614414 0.599644 0.584628 -3.735850e+06 0.606952 0.592460 -3.693056e+06
0.010000 0.010000 0.100000 50 0.596428 0.618018 0.605570 0.591559 -3.721800e+06 0.613273 0.599298 -3.676300e+06
0.010000 0.025000 0.100000 50 0.588113 0.609009 0.606557 0.593144 -3.710710e+06 0.617618 0.604661 -3.663307e+06
0.010000 0.050000 0.100000 50 0.586804 0.609009 0.608730 0.595611 -3.698080e+06 0.616433 0.603975 -3.650743e+06
0.010000 0.100000 0.100000 50 0.583340 0.603604 0.606360 0.594048 -3.685070e+06 0.606755 0.594806 -3.637939e+06
0.010000 0.500000 0.100000 50 0.537378 0.540541 0.557772 0.546090 -3.652920e+06 0.559352 0.547998 -3.604367e+06
0.010000 0.001000 1.000000 50 0.557703 0.585586 0.569228 0.558612 -3.738550e+06 0.569030 0.558162 -3.664905e+06
0.010000 0.001500 1.000000 50 0.558088 0.590991 0.568240 0.557343 -3.737660e+06 0.569030 0.558040 -3.662776e+06
0.010000 0.010000 1.000000 50 0.565248 0.576577 0.569425 0.556977 -3.729580e+06 0.574956 0.562747 -3.654980e+06
0.010000 0.025000 1.000000 50 0.565171 0.569369 0.570413 0.557976 -3.719870e+06 0.574758 0.562340 -3.645913e+06
0.010000 0.050000 1.000000 50 0.564093 0.562162 0.574166 0.562062 -3.712920e+06 0.579696 0.567823 -3.637047e+06
0.010000 0.100000 1.000000 50 0.563323 0.565766 0.575943 0.564676 -3.703060e+06 0.581276 0.570576 -3.625942e+06
0.010000 0.500000 1.000000 50 0.543922 0.524324 0.539799 0.532668 -3.680250e+06 0.564092 0.555882 -3.604380e+06
