0.010000 0.001000 0.001000 50 0.905740 0.900576 0.906761 0.909637 -3.403460e+06 0.906922 0.909815 -3.374704e+06
0.010000 0.001500 0.001000 50 0.905772 0.900576 0.906681 0.909562 -3.402790e+06 0.907084 0.909978 -3.374028e+06
0.010000 0.010000 0.001000 50 0.905928 0.901297 0.906922 0.909795 -3.392120e+06 0.907164 0.910141 -3.363200e+06
0.010000 0.025000 0.001000 50 0.905897 0.904179 0.907164 0.910105 -3.377010e+06 0.907970 0.911005 -3.348575e+06
0.010000 0.050000 0.001000 50 0.906305 0.905620 0.907487 0.910456 -3.358640e+06 0.908212 0.911281 -3.329346e+06
0.010000 0.100000 0.001000 50 0.905521 0.904899 0.906358 0.909410 -3.332960e+06 0.907889 0.910996 -3.303786e+06
0.010000 0.500000 0.001000 50 0.902949 0.895533 0.903377 0.906346 -3.259040e+06 0.905472 0.908516 -3.227942e+06
0.010000 0.001000 0.010000 50 0.904360 0.891931 0.906600 0.910557 -3.396490e+06 0.906519 0.910326 -3.369839e+06
0.010000 0.001500 0.010000 50 0.904454 0.892651 0.906681 0.910672 -3.395820e+06 0.906842 0.910688 -3.369169e+06
0.010000 0.010000 0.010000 50 0.906870 0.894092 0.908373 0.912641 -3.385440e+06 0.908373 0.912531 -3.357890e+06
0.010000 0.025000 0.010000 50 0.906619 0.893372 0.907809 0.912148 -3.369870e+06 0.907648 0.911979 -3.342544e+06
0.010000 0.050000 0.010000 50 0.904705 0.891931 0.907084 0.911512 -3.351210e+06 0.906278 0.910668 -3.323389e+06
0.010000 0.100000 0.010000 50 0.903043 0.891931 0.905552 0.910010 -3.326610e+06 0.906278 0.910719 -3.297223e+06
0.010000 0.500000 0.010000 50 0.901223 0.884006 0.903860 0.907692 -3.254930e+06 0.903699 0.907532 -3.223606e+06
0.010000 0.001000 0.100000 50 0.914304 0.909942 0.919897 0.923780 -3.402150e+06 0.919897 0.923679 -3.368869e+06
0.010000 0.001500 0.100000 50 0.914460 0.910663 0.919816 0.923706 -3.400420e+06 0.919736 0.923524 -3.368154e+06
0.010000 0.010000 0.100000 50 0.914147 0.912104 0.919494 0.923419 -3.388320e+06 0.919655 0.923503 -3.355778e+06
0.010000 0.025000 0.100000 50 0.914021 0.912104 0.919010 0.922994 -3.372250e+06 0.920380 0.924187 -3.339391e+06
0.010000 0.050000 0.100000 50 0.913927 0.916427 0.918043 0.922070 -3.352190e+06 0.919413 0.923276 -3.318258e+06
0.010000 0.100000 0.100000 50 0.912171 0.908501 0.914820 0.917867 -3.326780e+06 0.918043 0.921489 -3.291463e+06
0.010000 0.500000 0.100000 50 0.912233 0.903458 0.913208 0.915929 -3.258230e+06 0.916593 0.919172 -3.218991e+06
0.010000 0.001000 1.000000 50 0.920138 0.905620 0.915787 0.918323 -3.401400e+06 0.919736 0.922349 -3.339229e+06
0.010000 0.001500 1.000000 50 0.920138 0.905620 0.915787 0.918324 -3.401300e+06 0.919736 0.922351 -3.338964e+06
0.010000 0.010000 1.000000 50 0.920922 0.906340 0.916512 0.919080 -3.398020e+06 0.921509 0.924226 -3.333566e+06
0.010000 0.025000 1.000000 50 0.922553 0.904179 0.918205 0.920931 -3.390540e+06 0.923684 0.926502 -3.320878e+06
0.010000 0.050000 1.000000 50 0.924780 0.907781 0.921428 0.924259 -3.379480e+06 0.924651 0.927640 -3.304504e+06
0.010000 0.100000 1.000000 50 0.927227 0.909942 0.923040 0.925990 -3.365260e+06 0.928117 0.931236 -3.287248e+06
0.010000 0.500000 1.000000 50 0.920295 0.886167 0.907487 0.909718 -3.319400e+06 0.920622 0.923236 -3.244639e+06
