0.700000 0.001000 0.001000 50 0.678082 0.720721 0.702548 0.694170 -3.732610e+06 0.686154 0.677479 -3.701507e+06
0.700000 0.001500 0.001000 50 0.676814 0.718919 0.702745 0.694303 -3.730510e+06 0.690105 0.681661 -3.699110e+06
0.700000 0.010000 0.001000 50 0.681126 0.702703 0.706696 0.697626 -3.713290e+06 0.694450 0.685537 -3.681696e+06
0.700000 0.025000 0.001000 50 0.684678 0.700901 0.702943 0.693364 -3.700110e+06 0.696030 0.686305 -3.668260e+06
0.700000 0.050000 0.001000 50 0.686454 0.704505 0.703140 0.692851 -3.687860e+06 0.694055 0.683962 -3.655816e+06
0.700000 0.100000 0.001000 50 0.685185 0.690090 0.699585 0.688643 -3.673250e+06 0.690895 0.679776 -3.641031e+06
0.700000 0.500000 0.001000 50 0.678082 0.686486 0.683192 0.671669 -3.634020e+06 0.678254 0.666281 -3.600819e+06
0.700000 0.001000 0.010000 50 0.700913 0.706306 0.706696 0.697537 -3.727300e+06 0.699980 0.690517 -3.691934e+06
0.700000 0.001500 0.010000 50 0.702182 0.702703 0.707683 0.698605 -3.725350e+06 0.700770 0.691313 -3.690001e+06
0.700000 0.010000 0.010000 50 0.699899 0.690090 0.712028 0.702957 -3.709600e+06 0.704721 0.695402 -3.673654e+06
0.700000 0.025000 0.010000 50 0.699645 0.695495 0.714399 0.704995 -3.696330e+06 0.704721 0.695053 -3.660069e+06
0.700000 0.050000 0.010000 50 0.698630 0.697297 0.714794 0.705296 -3.683940e+06 0.705313 0.695541 -3.647509e+06
0.700000 0.100000 0.010000 50 0.696093 0.695495 0.709461 0.699980 -3.669550e+06 0.703140 0.693042 -3.632701e+06
0.700000 0.500000 0.010000 50 0.684424 0.675676 0.695437 0.685115 -3.630720e+06 0.692475 0.681219 -3.592829e+06
0.700000 0.001000 0.100000 50 0.687722 0.715315 0.708473 0.700114 -3.732870e+06 0.685364 0.676023 -3.692392e+06
0.700000 0.001500 0.100000 50 0.688229 0.711712 0.707486 0.699010 -3.730820e+06 0.686944 0.677766 -3.690280e+06
0.700000 0.010000 0.100000 50 0.687722 0.709910 0.703535 0.694540 -3.714350e+06 0.690500 0.681302 -3.671680e+06
0.700000 0.025000 0.100000 50 0.682648 0.709910 0.706893 0.697463 -3.701530e+06 0.691685 0.682185 -3.658084e+06
0.700000 0.050000 0.100000 50 0.681380 0.700901 0.709461 0.700027 -3.689780e+06 0.692672 0.682619 -3.645959e+06
0.700000 0.100000 0.100000 50 0.681634 0.697297 0.707288 0.697845 -3.676560e+06 0.689710 0.679794 -3.633084e+06
0.700000 0.500000 0.100000 50 0.662608 0.675676 0.690895 0.681634 -3.643850e+06 0.681612 0.671833 -3.597508e+06
0.700000 0.001000 1.000000 50 0.652461 0.675676 0.689315 0.681136 -3.739670e+06 0.665416 0.654947 -3.675070e+06
0.700000 0.001500 1.000000 50 0.652207 0.675676 0.689512 0.681233 -3.738390e+06 0.667786 0.657103 -3.672392e+06
0.700000 0.010000 1.000000 50 0.669457 0.688288 0.694647 0.686567 -3.725700e+06 0.671736 0.660528 -3.659901e+06
0.700000 0.025000 1.000000 50 0.672755 0.679279 0.694845 0.686353 -3.716150e+06 0.669959 0.657897 -3.651526e+06
0.700000 0.050000 1.000000 50 0.667428 0.688288 0.693265 0.683478 -3.708000e+06 0.674699 0.661935 -3.643705e+06
0.700000 0.100000 1.000000 50 0.666159 0.686486 0.693067 0.682854 -3.698500e+06 0.681809 0.668024 -3.631606e+06
0.700000 0.500000 1.000000 50 0.671233 0.672072 0.670946 0.660296 -3.672820e+06 0.679834 0.665489 -3.607534e+06
