0.200000 0.001000 0.001000 50 0.562546 0.557719 0.561496 0.479872 -9.645010e+05 0.551761 0.474856 -9.587382e+05
0.200000 0.001500 0.001000 50 0.562621 0.557719 0.561496 0.479872 -9.644140e+05 0.551916 0.474983 -9.586525e+05
0.200000 0.010000 0.001000 50 0.562398 0.554937 0.561959 0.480162 -9.628010e+05 0.550525 0.470692 -9.569507e+05
0.200000 0.025000 0.001000 50 0.563811 0.553547 0.560878 0.479070 -9.601040e+05 0.550371 0.470505 -9.544141e+05
0.200000 0.050000 0.001000 50 0.564480 0.554937 0.562114 0.480172 -9.558170e+05 0.550371 0.473403 -9.500757e+05
0.200000 0.100000 0.001000 50 0.566339 0.559110 0.564122 0.481775 -9.480380e+05 0.552998 0.475521 -9.422011e+05
0.200000 0.500000 0.001000 50 0.574595 0.566064 0.575093 0.490194 -9.104090e+05 0.566904 0.489370 -9.037808e+05
0.200000 0.001000 0.010000 50 0.587535 0.588317 0.591934 0.510768 -9.636630e+05 0.583591 0.500679 -9.571506e+05
0.200000 0.001500 0.010000 50 0.587535 0.588317 0.591934 0.510768 -9.635690e+05 0.583900 0.500929 -9.570581e+05
0.200000 0.010000 0.010000 50 0.588800 0.588317 0.592089 0.517004 -9.617270e+05 0.584827 0.504791 -9.550998e+05
0.200000 0.025000 0.010000 50 0.590213 0.592490 0.594407 0.518925 -9.587310e+05 0.586372 0.509080 -9.523374e+05
0.200000 0.050000 0.010000 50 0.590585 0.598053 0.595334 0.522553 -9.542120e+05 0.587299 0.509624 -9.474975e+05
0.200000 0.100000 0.010000 50 0.592369 0.609179 0.596261 0.526211 -9.457510e+05 0.588535 0.516520 -9.388373e+05
0.200000 0.500000 0.010000 50 0.600997 0.635605 0.605686 0.518864 -9.082920e+05 0.597188 0.515159 -8.996697e+05
0.200000 0.001000 0.100000 50 0.606128 0.596662 0.609394 0.540577 -9.617900e+05 0.603986 0.532681 -9.525472e+05
0.200000 0.001500 0.100000 50 0.606128 0.593880 0.608313 0.539642 -9.613030e+05 0.603986 0.532681 -9.524570e+05
0.200000 0.010000 0.100000 50 0.606798 0.593880 0.609240 0.540428 -9.593470e+05 0.602750 0.534739 -9.500356e+05
0.200000 0.025000 0.100000 50 0.607541 0.598053 0.607849 0.539311 -9.558700e+05 0.603059 0.535043 -9.468616e+05
0.200000 0.050000 0.100000 50 0.609029 0.598053 0.607540 0.539072 -9.509360e+05 0.601514 0.533773 -9.418756e+05
0.200000 0.100000 0.100000 50 0.610665 0.607789 0.612330 0.539857 -9.426490e+05 0.602132 0.531146 -9.330040e+05
0.200000 0.500000 0.100000 50 0.613268 0.609179 0.623455 0.546224 -9.082380e+05 0.615729 0.545761 -8.956860e+05
0.200000 0.001000 1.000000 50 0.599435 0.609179 0.605222 0.571112 -9.544410e+05 0.591780 0.571048 -9.388662e+05
0.200000 0.001500 1.000000 50 0.599435 0.609179 0.605222 0.571079 -9.544130e+05 0.591780 0.571048 -9.388360e+05
0.200000 0.010000 1.000000 50 0.600178 0.609179 0.606768 0.575451 -9.536910e+05 0.594561 0.573616 -9.375188e+05
0.200000 0.025000 1.000000 50 0.602335 0.611961 0.609394 0.574750 -9.518230e+05 0.597342 0.576078 -9.374901e+05
0.200000 0.050000 1.000000 50 0.605682 0.614743 0.616193 0.577410 -9.486820e+05 0.599506 0.577952 -9.326952e+05
0.200000 0.100000 1.000000 50 0.605682 0.620306 0.613875 0.569164 -9.446300e+05 0.596106 0.574295 -9.246431e+05
0.200000 0.500000 1.000000 50 0.612375 0.620306 0.618047 0.556776 -9.189900e+05 0.615884 0.566384 -8.936157e+05
