0.050000 0.001000 0.001000 50 0.676376 0.684286 0.678622 0.678616 -1.893450e+07 0.678834 0.678828 -1.888716e+07
0.050000 0.001500 0.001000 50 0.676548 0.683810 0.678728 0.678722 -1.892890e+07 0.678834 0.678828 -1.888155e+07
0.050000 0.010000 0.001000 50 0.676828 0.684762 0.679363 0.679357 -1.884390e+07 0.678887 0.678881 -1.879368e+07
0.050000 0.025000 0.001000 50 0.677966 0.690000 0.683595 0.683590 -1.874180e+07 0.683595 0.683590 -1.868884e+07
0.050000 0.050000 0.001000 50 0.679878 0.692857 0.685923 0.685917 -1.863460e+07 0.685394 0.685388 -1.858004e+07
0.050000 0.100000 0.001000 50 0.681962 0.692857 0.685447 0.685441 -1.851110e+07 0.685711 0.685705 -1.845496e+07
0.050000 0.500000 0.001000 50 0.673498 0.679048 0.678199 0.678192 -1.823060e+07 0.677406 0.677399 -1.817019e+07
0.050000 0.001000 0.010000 50 0.682348 0.689524 0.684389 0.684381 -1.892310e+07 0.685711 0.685704 -1.886804e+07
0.050000 0.001500 0.010000 50 0.682542 0.690000 0.684547 0.684540 -1.891750e+07 0.685605 0.685598 -1.886238e+07
0.050000 0.010000 0.010000 50 0.684282 0.691429 0.685923 0.685915 -1.883440e+07 0.686928 0.686921 -1.877820e+07
0.050000 0.025000 0.010000 50 0.685678 0.690952 0.688409 0.688402 -1.873150e+07 0.689626 0.689618 -1.867629e+07
0.050000 0.050000 0.010000 50 0.687826 0.692857 0.689890 0.689883 -1.862690e+07 0.690896 0.690888 -1.856904e+07
0.050000 0.100000 0.010000 50 0.688750 0.692857 0.691213 0.691205 -1.850510e+07 0.692059 0.692052 -1.844448e+07
0.050000 0.500000 0.010000 50 0.683444 0.681905 0.686134 0.686126 -1.822780e+07 0.688251 0.688241 -1.816138e+07
0.050000 0.001000 0.100000 50 0.683551 0.686667 0.686240 0.686234 -1.892810e+07 0.686399 0.686393 -1.886553e+07
0.050000 0.001500 0.100000 50 0.683745 0.687619 0.686240 0.686234 -1.892230e+07 0.686505 0.686499 -1.885973e+07
0.050000 0.010000 0.100000 50 0.685743 0.688571 0.687563 0.687557 -1.883480e+07 0.688198 0.688192 -1.876543e+07
0.050000 0.025000 0.100000 50 0.687096 0.696667 0.690367 0.690361 -1.872390e+07 0.691213 0.691207 -1.865352e+07
0.050000 0.050000 0.100000 50 0.689137 0.699048 0.692959 0.692953 -1.861520e+07 0.693541 0.693535 -1.854065e+07
0.050000 0.100000 0.100000 50 0.691027 0.698095 0.695234 0.695228 -1.849190e+07 0.696080 0.696074 -1.841387e+07
0.050000 0.500000 0.100000 50 0.685420 0.695714 0.691530 0.691523 -1.821770e+07 0.692112 0.692104 -1.813393e+07
0.050000 0.001000 1.000000 50 0.682112 0.687143 0.684336 0.684330 -1.892320e+07 0.686611 0.686605 -1.882007e+07
0.050000 0.001500 1.000000 50 0.682134 0.688095 0.685076 0.685070 -1.891760e+07 0.687140 0.687134 -1.881423e+07
0.050000 0.010000 1.000000 50 0.684625 0.689048 0.687616 0.687610 -1.883160e+07 0.688568 0.688562 -1.872156e+07
0.050000 0.025000 1.000000 50 0.688557 0.693333 0.691054 0.691048 -1.873470e+07 0.691266 0.691259 -1.860896e+07
0.050000 0.050000 1.000000 50 0.691714 0.696190 0.694334 0.694327 -1.863340e+07 0.694281 0.694274 -1.849676e+07
0.050000 0.100000 1.000000 50 0.693669 0.700000 0.698302 0.698294 -1.852090e+07 0.699095 0.699087 -1.837800e+07
0.050000 0.500000 1.000000 50 0.691607 0.694286 0.694916 0.694906 -1.826630e+07 0.697455 0.697445 -1.812360e+07
