0.500000 0.001000 0.001000 50 0.688503 0.696667 0.695181 0.695174 -1.894280e+07 0.690737 0.690731 -1.889026e+07
0.500000 0.001500 0.001000 50 0.688462 0.697143 0.695075 0.695068 -1.893700e+07 0.690737 0.690731 -1.888436e+07
0.500000 0.010000 0.001000 50 0.688911 0.697619 0.694810 0.694804 -1.884970e+07 0.690790 0.690784 -1.879621e+07
0.500000 0.025000 0.001000 50 0.689727 0.701905 0.695392 0.695386 -1.874100e+07 0.691213 0.691207 -1.868875e+07
0.500000 0.050000 0.001000 50 0.690462 0.705714 0.696344 0.696338 -1.862920e+07 0.691954 0.691947 -1.857186e+07
0.500000 0.100000 0.001000 50 0.692910 0.705238 0.697826 0.697818 -1.850150e+07 0.693276 0.693269 -1.844339e+07
0.500000 0.500000 0.001000 50 0.688747 0.695714 0.694123 0.694114 -1.821970e+07 0.691848 0.691840 -1.815878e+07
0.500000 0.001000 0.010000 50 0.691523 0.700476 0.696397 0.696390 -1.893970e+07 0.693541 0.693533 -1.888456e+07
0.500000 0.001500 0.010000 50 0.691482 0.700476 0.696450 0.696443 -1.893380e+07 0.693647 0.693639 -1.887864e+07
0.500000 0.010000 0.010000 50 0.691972 0.701905 0.696926 0.696919 -1.884470e+07 0.694176 0.694168 -1.878860e+07
0.500000 0.025000 0.010000 50 0.692543 0.703810 0.699466 0.699457 -1.873560e+07 0.695657 0.695649 -1.867215e+07
0.500000 0.050000 0.010000 50 0.694625 0.705714 0.700735 0.700727 -1.862190e+07 0.697138 0.697130 -1.855657e+07
0.500000 0.100000 0.010000 50 0.696135 0.704762 0.701635 0.701626 -1.849320e+07 0.698037 0.698029 -1.842624e+07
0.500000 0.500000 0.010000 50 0.691645 0.699524 0.697773 0.697764 -1.821280e+07 0.696450 0.696441 -1.814658e+07
0.500000 0.001000 0.100000 50 0.694339 0.701905 0.700788 0.700780 -1.894480e+07 0.698831 0.698823 -1.887376e+07
0.500000 0.001500 0.100000 50 0.694298 0.701905 0.700947 0.700939 -1.893540e+07 0.698725 0.698717 -1.886783e+07
0.500000 0.010000 0.100000 50 0.694992 0.703810 0.701529 0.701520 -1.884450e+07 0.699148 0.699140 -1.877515e+07
0.500000 0.025000 0.100000 50 0.696706 0.706667 0.703433 0.703424 -1.872930e+07 0.700577 0.700568 -1.865479e+07
0.500000 0.050000 0.100000 50 0.698012 0.706667 0.705814 0.705805 -1.861560e+07 0.701740 0.701731 -1.853791e+07
0.500000 0.100000 0.100000 50 0.698829 0.707143 0.706078 0.706068 -1.848830e+07 0.702164 0.702154 -1.840814e+07
0.500000 0.500000 0.100000 50 0.693768 0.702857 0.701635 0.701624 -1.822060e+07 0.698566 0.698556 -1.813134e+07
0.500000 0.001000 1.000000 50 0.698910 0.706190 0.707295 0.707287 -1.894670e+07 0.702375 0.702368 -1.884042e+07
0.500000 0.001500 1.000000 50 0.698829 0.706190 0.707401 0.707392 -1.894080e+07 0.702693 0.702685 -1.883424e+07
0.500000 0.010000 1.000000 50 0.702175 0.713810 0.711263 0.711253 -1.884830e+07 0.704915 0.704906 -1.873255e+07
0.500000 0.025000 1.000000 50 0.705849 0.713333 0.714860 0.714850 -1.874020e+07 0.709200 0.709190 -1.861298e+07
0.500000 0.050000 1.000000 50 0.707604 0.719048 0.718299 0.718288 -1.863520e+07 0.711633 0.711623 -1.849756e+07
0.500000 0.100000 1.000000 50 0.707441 0.714762 0.718352 0.718340 -1.852010e+07 0.712321 0.712310 -1.837909e+07
0.500000 0.500000 1.000000 50 0.703155 0.704762 0.709147 0.709133 -1.827230e+07 0.704597 0.704584 -1.812726e+07
