0.500000 0.001000 0.001000 50 0.584553 0.603616 0.601978 0.530014 -9.677430e+05 0.590389 0.523648 -9.617430e+05
0.500000 0.001500 0.001000 50 0.584434 0.603616 0.602287 0.530294 -9.676530e+05 0.590544 0.523771 -9.616547e+05
0.500000 0.010000 0.001000 50 0.586338 0.607789 0.603677 0.534505 -9.658380e+05 0.591007 0.527280 -9.599044e+05
0.500000 0.025000 0.001000 50 0.586933 0.606398 0.604604 0.535228 -9.631510e+05 0.591316 0.527514 -9.570582e+05
0.500000 0.050000 0.001000 50 0.587290 0.607789 0.604295 0.534967 -9.586560e+05 0.593171 0.528902 -9.527692e+05
0.500000 0.100000 0.001000 50 0.588599 0.606398 0.603677 0.531209 -9.504690e+05 0.595025 0.527300 -9.445640e+05
0.500000 0.500000 0.001000 50 0.594193 0.605007 0.607695 0.521640 -9.108010e+05 0.597806 0.514004 -9.045414e+05
0.500000 0.001000 0.010000 50 0.583839 0.588317 0.604759 0.521054 -9.664910e+05 0.590389 0.515014 -9.596997e+05
0.500000 0.001500 0.010000 50 0.583839 0.588317 0.604759 0.521054 -9.664040e+05 0.590389 0.515014 -9.596137e+05
0.500000 0.010000 0.010000 50 0.584434 0.588317 0.605222 0.521600 -9.646810e+05 0.588381 0.510495 -9.577642e+05
0.500000 0.025000 0.010000 50 0.584553 0.586926 0.606459 0.522625 -9.618650e+05 0.588999 0.510963 -9.551834e+05
0.500000 0.050000 0.010000 50 0.585029 0.595271 0.605532 0.524986 -9.576060e+05 0.590544 0.512333 -9.506035e+05
0.500000 0.100000 0.010000 50 0.586933 0.592490 0.606613 0.528856 -9.491900e+05 0.588844 0.514035 -9.423034e+05
0.500000 0.500000 0.010000 50 0.579793 0.581363 0.597342 0.519775 -9.103260e+05 0.581582 0.502725 -9.024577e+05
0.500000 0.001000 0.100000 50 0.599786 0.630042 0.619747 0.545567 -9.646150e+05 0.590389 0.518894 -9.556435e+05
0.500000 0.001500 0.100000 50 0.599786 0.631433 0.619747 0.545567 -9.645230e+05 0.591625 0.519858 -9.551029e+05
0.500000 0.010000 0.100000 50 0.601690 0.638387 0.622682 0.548173 -9.622990e+05 0.593016 0.524192 -9.531450e+05
0.500000 0.025000 0.100000 50 0.601452 0.635605 0.622682 0.544906 -9.591710e+05 0.595025 0.526071 -9.499836e+05
0.500000 0.050000 0.100000 50 0.601333 0.627260 0.623300 0.542403 -9.542700e+05 0.602287 0.527061 -9.450306e+05
0.500000 0.100000 0.100000 50 0.608949 0.630042 0.631335 0.550049 -9.455980e+05 0.615266 0.542892 -9.359634e+05
0.500000 0.500000 0.100000 50 0.617756 0.635605 0.636588 0.539238 -9.092050e+05 0.621292 0.537836 -8.974747e+05
0.500000 0.001000 1.000000 50 0.682851 0.712100 0.695303 0.587896 -9.582540e+05 0.613566 0.613395 -9.444639e+05
0.500000 0.001500 1.000000 50 0.682256 0.712100 0.694685 0.587241 -9.582160e+05 0.613566 0.613395 -9.444189e+05
0.500000 0.010000 1.000000 50 0.684755 0.707928 0.698393 0.590597 -9.572560e+05 0.617583 0.614042 -9.423720e+05
0.500000 0.025000 1.000000 50 0.635368 0.673157 0.665019 0.578365 -9.554770e+05 0.618511 0.605870 -9.395952e+05
0.500000 0.050000 1.000000 50 0.612519 0.639777 0.638906 0.597923 -9.512150e+05 0.619592 0.592190 -9.351063e+05
0.500000 0.100000 1.000000 50 0.616685 0.649513 0.644314 0.579816 -9.461350e+05 0.623918 0.594239 -9.289020e+05
0.500000 0.500000 1.000000 50 0.633107 0.652295 0.647404 0.564608 -9.204450e+05 0.644623 0.569822 -8.993004e+05
