0.050000 0.001000 0.001000 50 0.620787 0.619820 0.628284 0.617588 -3.728680e+06 0.630061 0.619223 -3.696916e+06
0.050000 0.001500 0.001000 50 0.621509 0.623423 0.628679 0.617921 -3.726910e+06 0.629666 0.618805 -3.694641e+06
0.050000 0.010000 0.001000 50 0.627127 0.625225 0.633221 0.622231 -3.712020e+06 0.638752 0.627597 -3.679401e+06
0.050000 0.025000 0.001000 50 0.629454 0.634234 0.638752 0.627723 -3.699260e+06 0.643887 0.632783 -3.666528e+06
0.050000 0.050000 0.001000 50 0.631059 0.639640 0.642307 0.631048 -3.686800e+06 0.644085 0.632923 -3.654019e+06
0.050000 0.100000 0.001000 50 0.636116 0.648649 0.646060 0.635344 -3.672360e+06 0.647640 0.636524 -3.639377e+06
0.050000 0.500000 0.001000 50 0.618218 0.632432 0.620186 0.609981 -3.633460e+06 0.625913 0.615733 -3.599248e+06
0.050000 0.001000 0.010000 50 0.617576 0.628829 0.623543 0.613209 -3.731910e+06 0.635789 0.624893 -3.696994e+06
0.050000 0.001500 0.010000 50 0.618058 0.632432 0.626704 0.616214 -3.729470e+06 0.635987 0.624374 -3.695280e+06
0.050000 0.010000 0.010000 50 0.622793 0.639640 0.629864 0.618488 -3.714800e+06 0.637567 0.626274 -3.680135e+06
0.050000 0.025000 0.010000 50 0.624639 0.648649 0.636579 0.624364 -3.702240e+06 0.644282 0.632215 -3.666928e+06
0.050000 0.050000 0.010000 50 0.626003 0.646847 0.639344 0.627140 -3.690340e+06 0.646060 0.634012 -3.654687e+06
0.050000 0.100000 0.010000 50 0.625120 0.632432 0.640332 0.628874 -3.676320e+06 0.640134 0.628388 -3.640194e+06
0.050000 0.500000 0.010000 50 0.602327 0.580180 0.611890 0.600471 -3.638630e+06 0.617816 0.606250 -3.601276e+06
0.050000 0.001000 0.100000 50 0.654976 0.668468 0.666206 0.656758 -3.732460e+06 0.664626 0.654830 -3.689502e+06
0.050000 0.001500 0.100000 50 0.655538 0.664865 0.667193 0.657730 -3.730660e+06 0.665613 0.655819 -3.687634e+06
0.050000 0.010000 0.100000 50 0.657303 0.673874 0.673909 0.664113 -3.714370e+06 0.675884 0.665830 -3.669688e+06
0.050000 0.025000 0.100000 50 0.660353 0.670270 0.679834 0.670428 -3.700940e+06 0.679044 0.669064 -3.655574e+06
0.050000 0.050000 0.100000 50 0.661236 0.677477 0.676871 0.666842 -3.689010e+06 0.678649 0.668525 -3.642787e+06
0.050000 0.100000 0.100000 50 0.659791 0.673874 0.676081 0.665990 -3.675900e+06 0.674896 0.664268 -3.630291e+06
0.050000 0.500000 0.100000 50 0.642055 0.654054 0.648232 0.635447 -3.642920e+06 0.657120 0.643775 -3.595018e+06
0.050000 0.001000 1.000000 50 0.628892 0.659459 0.633814 0.619898 -3.735700e+06 0.644085 0.628451 -3.663536e+06
0.050000 0.001500 1.000000 50 0.629213 0.657658 0.634209 0.620369 -3.734590e+06 0.644875 0.629301 -3.662668e+06
0.050000 0.010000 1.000000 50 0.634591 0.648649 0.639739 0.625662 -3.725470e+06 0.649022 0.633501 -3.651688e+06
0.050000 0.025000 1.000000 50 0.636758 0.655856 0.646850 0.632650 -3.715220e+06 0.654355 0.638602 -3.639176e+06
0.050000 0.050000 1.000000 50 0.636918 0.659459 0.648232 0.632903 -3.707750e+06 0.657120 0.641080 -3.630463e+06
0.050000 0.100000 1.000000 50 0.639165 0.661261 0.650010 0.634892 -3.698810e+06 0.659293 0.642721 -3.621988e+06
0.050000 0.500000 1.000000 50 0.640610 0.645045 0.626111 0.611651 -3.676390e+06 0.654158 0.637688 -3.598524e+06
