0.100000 0.001000 0.001000 50 0.912673 0.907781 0.917479 0.920785 -3.403550e+06 0.915384 0.918751 -3.374766e+06
0.100000 0.001500 0.001000 50 0.912673 0.907781 0.917399 0.920710 -3.402860e+06 0.915303 0.918675 -3.374075e+06
0.100000 0.010000 0.001000 50 0.912811 0.907061 0.917318 0.920662 -3.391990e+06 0.915868 0.919288 -3.363120e+06
0.100000 0.025000 0.001000 50 0.912638 0.909222 0.916754 0.920165 -3.376740e+06 0.915303 0.918788 -3.348223e+06
0.100000 0.050000 0.001000 50 0.912535 0.909222 0.916593 0.920031 -3.358340e+06 0.915303 0.918829 -3.329547e+06
0.100000 0.100000 0.001000 50 0.912328 0.907781 0.915948 0.919437 -3.333360e+06 0.915465 0.919012 -3.303596e+06
0.100000 0.500000 0.001000 50 0.909085 0.904179 0.911919 0.915208 -3.258920e+06 0.913047 0.916427 -3.228147e+06
0.100000 0.001000 0.010000 50 0.912293 0.899856 0.915062 0.919112 -3.396480e+06 0.914659 0.918701 -3.369557e+06
0.100000 0.001500 0.010000 50 0.912328 0.899856 0.915142 0.919198 -3.395770e+06 0.914659 0.918710 -3.368844e+06
0.100000 0.010000 0.010000 50 0.912155 0.898415 0.915062 0.919065 -3.384920e+06 0.914175 0.918243 -3.357901e+06
0.100000 0.025000 0.010000 50 0.911189 0.899135 0.914175 0.918288 -3.369240e+06 0.913853 0.917937 -3.342388e+06
0.100000 0.050000 0.010000 50 0.909947 0.899856 0.913531 0.917659 -3.350590e+06 0.912966 0.917064 -3.322449e+06
0.100000 0.100000 0.010000 50 0.909326 0.900576 0.912241 0.916331 -3.325950e+06 0.912402 0.916511 -3.297238e+06
0.100000 0.500000 0.010000 50 0.911534 0.899135 0.913047 0.916604 -3.254090e+06 0.914739 0.918179 -3.223379e+06
0.100000 0.001000 0.100000 50 0.917641 0.912104 0.922476 0.926139 -3.401690e+06 0.923281 0.926866 -3.368434e+06
0.100000 0.001500 0.100000 50 0.917641 0.912104 0.922556 0.926215 -3.400980e+06 0.923362 0.926941 -3.367700e+06
0.100000 0.010000 0.100000 50 0.918021 0.914986 0.923120 0.926749 -3.388550e+06 0.923362 0.926968 -3.355073e+06
0.100000 0.025000 0.100000 50 0.917365 0.913545 0.922234 0.925954 -3.371390e+06 0.922395 0.926118 -3.337463e+06
0.100000 0.050000 0.100000 50 0.914226 0.912104 0.919091 0.921858 -3.352020e+06 0.918366 0.921228 -3.317020e+06
0.100000 0.100000 0.100000 50 0.914398 0.912824 0.918205 0.921054 -3.326640e+06 0.917479 0.920394 -3.290340e+06
0.100000 0.500000 0.100000 50 0.913018 0.906340 0.916190 0.918917 -3.257230e+06 0.917560 0.920182 -3.218083e+06
0.100000 0.001000 1.000000 50 0.930649 0.914986 0.928520 0.931671 -3.402210e+06 0.930534 0.933847 -3.342789e+06
0.100000 0.001500 1.000000 50 0.930684 0.914986 0.928520 0.931671 -3.401910e+06 0.930534 0.933847 -3.342309e+06
0.100000 0.010000 1.000000 50 0.930994 0.917147 0.928520 0.931691 -3.395430e+06 0.930695 0.934031 -3.331946e+06
0.100000 0.025000 1.000000 50 0.930718 0.917867 0.927633 0.930810 -3.387280e+06 0.930776 0.934140 -3.318781e+06
0.100000 0.050000 1.000000 50 0.930442 0.917147 0.927956 0.931096 -3.377360e+06 0.930615 0.934024 -3.304035e+06
0.100000 0.100000 1.000000 50 0.930856 0.916427 0.928600 0.931742 -3.362570e+06 0.930937 0.934333 -3.286520e+06
0.100000 0.500000 1.000000 50 0.927544 0.902017 0.921186 0.924384 -3.316360e+06 0.927311 0.930859 -3.241047e+06
