0.050000 0.001000 0.001000 50 0.672746 0.676190 0.675395 0.675391 -1.893260e+07 0.675819 0.675814 -1.888162e+07
0.050000 0.001500 0.001000 50 0.672660 0.676190 0.675713 0.675708 -1.892700e+07 0.675872 0.675867 -1.887589e+07
0.050000 0.010000 0.001000 50 0.673176 0.676190 0.677564 0.677559 -1.884000e+07 0.678781 0.678776 -1.878955e+07
0.050000 0.025000 0.001000 50 0.674422 0.676190 0.678993 0.678988 -1.873500e+07 0.681109 0.681103 -1.868260e+07
0.050000 0.050000 0.001000 50 0.675539 0.672857 0.681426 0.681421 -1.862600e+07 0.682326 0.682320 -1.857136e+07
0.050000 0.100000 0.001000 50 0.676419 0.674762 0.682326 0.682319 -1.850010e+07 0.682537 0.682531 -1.844352e+07
0.050000 0.500000 0.001000 50 0.672682 0.667143 0.676718 0.676710 -1.821690e+07 0.677141 0.677133 -1.815646e+07
0.050000 0.001000 0.010000 50 0.673713 0.681905 0.675290 0.675284 -1.893360e+07 0.675819 0.675813 -1.887961e+07
0.050000 0.001500 0.010000 50 0.673756 0.682381 0.675184 0.675178 -1.892820e+07 0.676189 0.676184 -1.887420e+07
0.050000 0.010000 0.010000 50 0.673885 0.681905 0.676189 0.676184 -1.884480e+07 0.677088 0.677083 -1.879241e+07
0.050000 0.025000 0.010000 50 0.675088 0.679524 0.676771 0.676766 -1.874320e+07 0.678358 0.678353 -1.868846e+07
0.050000 0.050000 0.010000 50 0.676398 0.680952 0.678993 0.678988 -1.863560e+07 0.679046 0.679041 -1.857744e+07
0.050000 0.100000 0.010000 50 0.676742 0.680000 0.679786 0.679781 -1.851120e+07 0.679416 0.679411 -1.844993e+07
0.050000 0.500000 0.010000 50 0.671264 0.680000 0.672539 0.672533 -1.823480e+07 0.672592 0.672585 -1.816625e+07
0.050000 0.001000 0.100000 50 0.683251 0.692857 0.685182 0.685176 -1.893460e+07 0.685817 0.685811 -1.887376e+07
0.050000 0.001500 0.100000 50 0.683465 0.692857 0.685182 0.685176 -1.892950e+07 0.685923 0.685917 -1.886865e+07
0.050000 0.010000 0.100000 50 0.683723 0.692857 0.686029 0.686023 -1.884480e+07 0.687140 0.687134 -1.878156e+07
0.050000 0.025000 0.100000 50 0.684905 0.689048 0.688462 0.688456 -1.874330e+07 0.687986 0.687980 -1.867670e+07
0.050000 0.050000 0.100000 50 0.686623 0.690952 0.689044 0.689038 -1.863820e+07 0.689256 0.689250 -1.856730e+07
0.050000 0.100000 0.100000 50 0.686817 0.693810 0.691319 0.691313 -1.851800e+07 0.691636 0.691630 -1.844242e+07
0.050000 0.500000 0.100000 50 0.678138 0.680952 0.681109 0.681100 -1.823770e+07 0.681320 0.681312 -1.815553e+07
0.050000 0.001000 1.000000 50 0.679706 0.687143 0.679998 0.679993 -1.892400e+07 0.683066 0.683062 -1.882105e+07
0.050000 0.001500 1.000000 50 0.679599 0.685714 0.680368 0.680364 -1.891800e+07 0.683278 0.683273 -1.881470e+07
0.050000 0.010000 1.000000 50 0.683702 0.686667 0.685605 0.685600 -1.882410e+07 0.686928 0.686924 -1.871137e+07
0.050000 0.025000 1.000000 50 0.687998 0.690000 0.689943 0.689938 -1.871660e+07 0.690684 0.690679 -1.858864e+07
0.050000 0.050000 1.000000 50 0.690877 0.691429 0.693858 0.693852 -1.861710e+07 0.695075 0.695069 -1.848117e+07
0.050000 0.100000 1.000000 50 0.693240 0.695238 0.696768 0.696761 -1.850720e+07 0.696292 0.696285 -1.836217e+07
0.050000 0.500000 1.000000 50 0.690232 0.691429 0.694281 0.694272 -1.825800e+07 0.696239 0.696230 -1.811245e+07
