0.050000 0.001000 0.001000 50 0.913771 0.909222 0.916593 0.919975 -3.403620e+06 0.915706 0.919098 -3.374787e+06
0.050000 0.001500 0.001000 50 0.913771 0.909222 0.916673 0.920053 -3.402410e+06 0.916029 0.919431 -3.374094e+06
0.050000 0.010000 0.001000 50 0.913542 0.910663 0.916512 0.919917 -3.392060e+06 0.915787 0.919230 -3.363107e+06
0.050000 0.025000 0.001000 50 0.913281 0.908501 0.916109 0.919604 -3.376830e+06 0.915787 0.919279 -3.348248e+06
0.050000 0.050000 0.001000 50 0.913477 0.908501 0.915384 0.918899 -3.358420e+06 0.915545 0.919078 -3.329591e+06
0.050000 0.100000 0.001000 50 0.912692 0.909942 0.915706 0.919183 -3.333460e+06 0.915465 0.919018 -3.303631e+06
0.050000 0.500000 0.001000 50 0.909718 0.907061 0.912563 0.915954 -3.259000e+06 0.914417 0.917839 -3.228201e+06
0.050000 0.001000 0.010000 50 0.912660 0.899856 0.914256 0.918351 -3.396460e+06 0.914578 0.918562 -3.369529e+06
0.050000 0.001500 0.010000 50 0.912594 0.899856 0.914336 0.918428 -3.395740e+06 0.914578 0.918562 -3.368812e+06
0.050000 0.010000 0.010000 50 0.912235 0.899856 0.913289 0.917303 -3.384840e+06 0.914659 0.918702 -3.357801e+06
0.050000 0.025000 0.010000 50 0.911450 0.901297 0.912402 0.916550 -3.369500e+06 0.913611 0.917725 -3.341373e+06
0.050000 0.050000 0.010000 50 0.910568 0.901297 0.911838 0.916033 -3.350490e+06 0.912725 0.916848 -3.322299e+06
0.050000 0.100000 0.010000 50 0.909783 0.900576 0.911193 0.915341 -3.325980e+06 0.912080 0.916168 -3.297166e+06
0.050000 0.500000 0.010000 50 0.911418 0.898415 0.911999 0.915547 -3.254120e+06 0.913853 0.917307 -3.223457e+06
0.050000 0.001000 0.100000 50 0.918609 0.911383 0.921992 0.925727 -3.401930e+06 0.923040 0.926643 -3.368517e+06
0.050000 0.001500 0.100000 50 0.918511 0.911383 0.922153 0.925877 -3.401200e+06 0.923120 0.926730 -3.367780e+06
0.050000 0.010000 0.100000 50 0.918151 0.914265 0.921992 0.925715 -3.388680e+06 0.922556 0.926236 -3.355106e+06
0.050000 0.025000 0.100000 50 0.917465 0.915706 0.921428 0.925245 -3.371420e+06 0.921670 0.925444 -3.338467e+06
0.050000 0.050000 0.100000 50 0.917399 0.914986 0.920864 0.924665 -3.352340e+06 0.920300 0.924172 -3.317309e+06
0.050000 0.100000 0.100000 50 0.914490 0.911383 0.916996 0.919917 -3.326700e+06 0.919655 0.923122 -3.290451e+06
0.050000 0.500000 0.100000 50 0.915438 0.905620 0.916835 0.919545 -3.257110e+06 0.918124 0.920931 -3.218109e+06
0.050000 0.001000 1.000000 50 0.931095 0.915706 0.926908 0.930065 -3.402320e+06 0.930293 0.933570 -3.341390e+06
0.050000 0.001500 1.000000 50 0.931095 0.914986 0.926908 0.930065 -3.402030e+06 0.930131 0.933418 -3.340924e+06
0.050000 0.010000 1.000000 50 0.931586 0.916427 0.926988 0.930085 -3.395670e+06 0.930212 0.933539 -3.330717e+06
0.050000 0.025000 1.000000 50 0.930932 0.915706 0.926666 0.929774 -3.387530e+06 0.929970 0.933362 -3.318898e+06
0.050000 0.050000 1.000000 50 0.931161 0.914265 0.926586 0.929761 -3.377640e+06 0.929648 0.933077 -3.303678e+06
0.050000 0.100000 1.000000 50 0.931553 0.914265 0.927230 0.930323 -3.362120e+06 0.930454 0.933815 -3.285881e+06
0.050000 0.500000 1.000000 50 0.926225 0.895533 0.916835 0.920019 -3.316920e+06 0.926344 0.929845 -3.240707e+06
