0.500000 0.001000 0.001000 50 0.925040 0.914265 0.930212 0.932714 -3.405430e+06 0.925135 0.927879 -3.376190e+06
0.500000 0.001500 0.001000 50 0.925537 0.914265 0.930695 0.933172 -3.404230e+06 0.925296 0.928043 -3.375466e+06
0.500000 0.010000 0.001000 50 0.925599 0.913545 0.930131 0.932658 -3.393230e+06 0.925216 0.927990 -3.363932e+06
0.500000 0.025000 0.001000 50 0.925475 0.913545 0.930131 0.932678 -3.377280e+06 0.925216 0.928013 -3.348417e+06
0.500000 0.050000 0.001000 50 0.924978 0.913545 0.929728 0.932329 -3.358300e+06 0.925296 0.928143 -3.328634e+06
0.500000 0.100000 0.001000 50 0.925165 0.913545 0.929245 0.931938 -3.332400e+06 0.925457 0.928379 -3.302800e+06
0.500000 0.500000 0.001000 50 0.924668 0.909942 0.926908 0.929465 -3.257120e+06 0.923281 0.926162 -3.226453e+06
0.500000 0.001000 0.010000 50 0.933362 0.925793 0.937626 0.939962 -3.398070e+06 0.934080 0.936738 -3.370890e+06
0.500000 0.001500 0.010000 50 0.933362 0.925793 0.937626 0.939962 -3.397310e+06 0.934000 0.936652 -3.370128e+06
0.500000 0.010000 0.010000 50 0.933735 0.924352 0.938271 0.940658 -3.385140e+06 0.934402 0.937055 -3.357469e+06
0.500000 0.025000 0.010000 50 0.934108 0.922911 0.938512 0.940881 -3.368420e+06 0.934402 0.937056 -3.340621e+06
0.500000 0.050000 0.010000 50 0.935101 0.924352 0.939076 0.941439 -3.347770e+06 0.934564 0.937280 -3.319049e+06
0.500000 0.100000 0.010000 50 0.934977 0.926513 0.938915 0.941217 -3.321680e+06 0.935853 0.938584 -3.292201e+06
0.500000 0.500000 0.010000 50 0.931748 0.925072 0.936256 0.938468 -3.248020e+06 0.935289 0.937607 -3.217031e+06
0.500000 0.001000 0.100000 50 0.931313 0.922190 0.936014 0.938639 -3.402990e+06 0.934967 0.937794 -3.371348e+06
0.500000 0.001500 0.100000 50 0.931127 0.922190 0.936014 0.938640 -3.402230e+06 0.935289 0.938100 -3.369388e+06
0.500000 0.010000 0.100000 50 0.931064 0.923631 0.935692 0.938410 -3.389170e+06 0.934483 0.937381 -3.356031e+06
0.500000 0.025000 0.100000 50 0.931313 0.925072 0.936014 0.938695 -3.371500e+06 0.931743 0.934022 -3.338707e+06
0.500000 0.050000 0.100000 50 0.930319 0.924352 0.934564 0.936694 -3.351720e+06 0.931098 0.933283 -3.316998e+06
0.500000 0.100000 0.100000 50 0.929760 0.921470 0.934967 0.936760 -3.326620e+06 0.932388 0.934515 -3.290924e+06
0.500000 0.500000 0.100000 50 0.927773 0.922911 0.932307 0.933443 -3.259160e+06 0.930051 0.931713 -3.220053e+06
0.500000 0.001000 1.000000 50 0.944293 0.930115 0.942381 0.944249 -3.406070e+06 0.943186 0.945530 -3.343495e+06
0.500000 0.001500 1.000000 50 0.944293 0.930836 0.942703 0.944592 -3.405700e+06 0.943025 0.945379 -3.342995e+06
0.500000 0.010000 1.000000 50 0.944417 0.930836 0.942058 0.944006 -3.399000e+06 0.942864 0.945229 -3.331624e+06
0.500000 0.025000 1.000000 50 0.944603 0.927954 0.940930 0.942930 -3.388030e+06 0.942783 0.945184 -3.314490e+06
0.500000 0.050000 1.000000 50 0.943858 0.930115 0.940688 0.942726 -3.374280e+06 0.942945 0.945431 -3.298310e+06
0.500000 0.100000 1.000000 50 0.942678 0.925072 0.940044 0.942222 -3.357610e+06 0.941978 0.944548 -3.279987e+06
0.500000 0.500000 1.000000 50 0.939573 0.913545 0.930615 0.932780 -3.308460e+06 0.936981 0.939891 -3.233085e+06
