0.050000 0.001000 0.001000 50 0.624478 0.639640 0.637172 0.625145 -3.730100e+06 0.634209 0.622985 -3.697242e+06
0.050000 0.001500 0.001000 50 0.626164 0.637838 0.639542 0.627554 -3.728250e+06 0.636184 0.624948 -3.695562e+06
0.050000 0.010000 0.001000 50 0.632022 0.645045 0.651590 0.639130 -3.712320e+06 0.652578 0.640747 -3.680114e+06
0.050000 0.025000 0.001000 50 0.635714 0.637838 0.653763 0.641587 -3.698820e+06 0.659095 0.647410 -3.666359e+06
0.050000 0.050000 0.001000 50 0.636918 0.625225 0.657515 0.647011 -3.686020e+06 0.655935 0.644874 -3.653289e+06
0.050000 0.100000 0.001000 50 0.640931 0.619820 0.657318 0.646560 -3.671030e+06 0.657713 0.646105 -3.638072e+06
0.050000 0.500000 0.001000 50 0.619984 0.596396 0.631444 0.619604 -3.631110e+06 0.641912 0.629676 -3.596981e+06
0.050000 0.001000 0.010000 50 0.623756 0.625225 0.634011 0.621260 -3.728310e+06 0.635394 0.622342 -3.692697e+06
0.050000 0.001500 0.010000 50 0.625281 0.627027 0.633814 0.621025 -3.726600e+06 0.633616 0.620557 -3.690252e+06
0.050000 0.010000 0.010000 50 0.637961 0.646847 0.643294 0.631219 -3.710690e+06 0.644480 0.631893 -3.674074e+06
0.050000 0.025000 0.010000 50 0.640209 0.645045 0.647640 0.635563 -3.696920e+06 0.650207 0.637839 -3.659860e+06
0.050000 0.050000 0.010000 50 0.638283 0.652252 0.648035 0.635031 -3.684700e+06 0.646850 0.633912 -3.647243e+06
0.050000 0.100000 0.010000 50 0.637961 0.657658 0.648627 0.635811 -3.670370e+06 0.645467 0.632567 -3.633354e+06
0.050000 0.500000 0.010000 50 0.620706 0.646847 0.620778 0.608073 -3.631320e+06 0.629469 0.616297 -3.592976e+06
0.050000 0.001000 0.100000 50 0.620626 0.614414 0.623741 0.614608 -3.733790e+06 0.626111 0.616222 -3.690902e+06
0.050000 0.001500 0.100000 50 0.622552 0.614414 0.626704 0.617850 -3.732070e+06 0.626901 0.617062 -3.689200e+06
0.050000 0.010000 0.100000 50 0.626083 0.623423 0.636382 0.626896 -3.717100e+06 0.631444 0.621449 -3.673706e+06
0.050000 0.025000 0.100000 50 0.628812 0.643243 0.642307 0.632628 -3.704980e+06 0.636184 0.625873 -3.660981e+06
0.050000 0.050000 0.100000 50 0.623917 0.636036 0.639147 0.629298 -3.693590e+06 0.637764 0.627154 -3.649194e+06
0.050000 0.100000 0.100000 50 0.624639 0.618018 0.637567 0.628081 -3.681260e+06 0.636579 0.626415 -3.636454e+06
0.050000 0.500000 0.100000 50 0.595185 0.596396 0.608730 0.599819 -3.646470e+06 0.615050 0.605252 -3.599977e+06
0.050000 0.001000 1.000000 50 0.633868 0.618018 0.627691 0.615635 -3.739490e+06 0.636974 0.621943 -3.660592e+06
0.050000 0.001500 1.000000 50 0.628652 0.616216 0.624136 0.612226 -3.737310e+06 0.635987 0.621257 -3.658551e+06
0.050000 0.010000 1.000000 50 0.634109 0.625225 0.628481 0.615776 -3.726020e+06 0.633419 0.618156 -3.647790e+06
0.050000 0.025000 1.000000 50 0.634912 0.625225 0.626111 0.612721 -3.715930e+06 0.637764 0.622049 -3.638579e+06
0.050000 0.050000 1.000000 50 0.635955 0.612613 0.628481 0.615325 -3.706600e+06 0.639937 0.623761 -3.630266e+06
0.050000 0.100000 1.000000 50 0.635955 0.619820 0.631839 0.618302 -3.696500e+06 0.643097 0.626778 -3.619079e+06
0.050000 0.500000 1.000000 50 0.640851 0.636036 0.624728 0.612020 -3.668500e+06 0.650010 0.633250 -3.595105e+06
