0.700000 0.001000 0.001000 50 0.692266 0.703333 0.698513 0.698505 -1.895540e+07 0.694916 0.694908 -1.890013e+07
0.700000 0.001500 0.001000 50 0.692402 0.703333 0.698513 0.698505 -1.894950e+07 0.694863 0.694855 -1.889422e+07
0.700000 0.010000 0.001000 50 0.692742 0.705238 0.699836 0.699828 -1.886150e+07 0.695392 0.695384 -1.880564e+07
0.700000 0.025000 0.001000 50 0.693558 0.707143 0.702217 0.702208 -1.875130e+07 0.696821 0.696813 -1.869323e+07
0.700000 0.050000 0.001000 50 0.694102 0.707143 0.702164 0.702155 -1.863840e+07 0.697932 0.697923 -1.857972e+07
0.700000 0.100000 0.001000 50 0.694511 0.708571 0.702375 0.702366 -1.850840e+07 0.697350 0.697341 -1.844895e+07
0.700000 0.500000 0.001000 50 0.686960 0.692381 0.693858 0.693848 -1.822320e+07 0.690261 0.690251 -1.816345e+07
0.700000 0.001000 0.010000 50 0.695463 0.706667 0.703275 0.703266 -1.895170e+07 0.697720 0.697712 -1.889360e+07
0.700000 0.001500 0.010000 50 0.695463 0.706667 0.703275 0.703266 -1.894580e+07 0.697826 0.697818 -1.888764e+07
0.700000 0.010000 0.010000 50 0.695259 0.710000 0.704280 0.704272 -1.885630e+07 0.699571 0.699564 -1.879773e+07
0.700000 0.025000 0.010000 50 0.696143 0.710000 0.704597 0.704589 -1.874690e+07 0.700206 0.700199 -1.868145e+07
0.700000 0.050000 0.010000 50 0.696007 0.711429 0.705549 0.705541 -1.863310e+07 0.701211 0.701204 -1.856668e+07
0.700000 0.100000 0.010000 50 0.696279 0.708571 0.705444 0.705434 -1.850300e+07 0.702111 0.702102 -1.843561e+07
0.700000 0.500000 0.010000 50 0.689545 0.695714 0.698408 0.698397 -1.821820e+07 0.693488 0.693477 -1.815242e+07
0.700000 0.001000 0.100000 50 0.698728 0.712381 0.705549 0.705540 -1.895690e+07 0.698937 0.698928 -1.888754e+07
0.700000 0.001500 0.100000 50 0.698728 0.712381 0.705232 0.705223 -1.895120e+07 0.698725 0.698717 -1.888181e+07
0.700000 0.010000 0.100000 50 0.699136 0.712857 0.705708 0.705699 -1.886470e+07 0.699201 0.699193 -1.879400e+07
0.700000 0.025000 0.100000 50 0.699884 0.712857 0.707454 0.707444 -1.875360e+07 0.701264 0.701256 -1.867929e+07
0.700000 0.050000 0.100000 50 0.699952 0.713333 0.709887 0.709877 -1.864310e+07 0.702798 0.702790 -1.856670e+07
0.700000 0.100000 0.100000 50 0.699680 0.713333 0.711263 0.711253 -1.851780e+07 0.703645 0.703636 -1.843910e+07
0.700000 0.500000 0.100000 50 0.692402 0.702857 0.700471 0.700461 -1.824480e+07 0.697032 0.697023 -1.815769e+07
0.700000 0.001000 1.000000 50 0.703422 0.717619 0.715230 0.715221 -1.895300e+07 0.706290 0.706282 -1.884495e+07
0.700000 0.001500 1.000000 50 0.703558 0.718095 0.715125 0.715115 -1.894670e+07 0.706237 0.706229 -1.883865e+07
0.700000 0.010000 1.000000 50 0.704170 0.719524 0.715125 0.715115 -1.885220e+07 0.707031 0.707022 -1.873630e+07
0.700000 0.025000 1.000000 50 0.705190 0.720952 0.718352 0.718341 -1.874240e+07 0.708512 0.708503 -1.861394e+07
0.700000 0.050000 1.000000 50 0.705462 0.716667 0.717770 0.717759 -1.863990e+07 0.709570 0.709560 -1.850538e+07
0.700000 0.100000 1.000000 50 0.707095 0.717143 0.717135 0.717124 -1.852300e+07 0.709305 0.709296 -1.838347e+07
0.700000 0.500000 1.000000 50 0.697708 0.704762 0.705285 0.705273 -1.826680e+07 0.701211 0.701201 -1.812585e+07
