0.500000 0.001000 0.001000 50 0.602880 0.625869 0.612021 0.530381 -9.667950e+05 0.600433 0.526371 -9.609593e+05
0.500000 0.001500 0.001000 50 0.602523 0.625869 0.611867 0.530258 -9.667040e+05 0.600278 0.526247 -9.608699e+05
0.500000 0.010000 0.001000 50 0.603475 0.627260 0.612485 0.530728 -9.650280e+05 0.599969 0.525942 -9.591221e+05
0.500000 0.025000 0.001000 50 0.604784 0.625869 0.615420 0.533229 -9.620740e+05 0.601669 0.527485 -9.562486e+05
0.500000 0.050000 0.001000 50 0.605022 0.630042 0.614802 0.532658 -9.575990e+05 0.604295 0.526749 -9.518882e+05
0.500000 0.100000 0.001000 50 0.605379 0.625869 0.614648 0.529327 -9.491150e+05 0.608622 0.530350 -9.436002e+05
0.500000 0.500000 0.001000 50 0.598477 0.638387 0.614339 0.519385 -9.100460e+05 0.605222 0.514385 -9.035698e+05
0.500000 0.001000 0.010000 50 0.596097 0.621697 0.602750 0.525787 -9.649990e+05 0.585290 0.516434 -9.584703e+05
0.500000 0.001500 0.010000 50 0.595859 0.621697 0.602596 0.525663 -9.649080e+05 0.585136 0.516310 -9.583797e+05
0.500000 0.010000 0.010000 50 0.597287 0.621697 0.603986 0.527006 -9.631330e+05 0.586372 0.517440 -9.564832e+05
0.500000 0.025000 0.010000 50 0.598596 0.624478 0.605995 0.525582 -9.601950e+05 0.588226 0.519142 -9.534680e+05
0.500000 0.050000 0.010000 50 0.600024 0.620306 0.607849 0.527113 -9.555520e+05 0.588226 0.515910 -9.490188e+05
0.500000 0.100000 0.010000 50 0.598596 0.624478 0.612330 0.530836 -9.470510e+05 0.591316 0.515452 -9.404640e+05
0.500000 0.500000 0.010000 50 0.610377 0.649513 0.623146 0.535325 -9.078480e+05 0.603986 0.524091 -8.999308e+05
0.500000 0.001000 0.100000 50 0.633107 0.655076 0.643696 0.547804 -9.635400e+05 0.631644 0.546936 -9.542622e+05
0.500000 0.001500 0.100000 50 0.632869 0.655076 0.644005 0.548053 -9.630630e+05 0.631953 0.547190 -9.541695e+05
0.500000 0.010000 0.100000 50 0.632512 0.656467 0.644778 0.548610 -9.610590e+05 0.630871 0.543220 -9.517283e+05
0.500000 0.025000 0.100000 50 0.632869 0.652295 0.646014 0.549649 -9.577650e+05 0.631799 0.543899 -9.484647e+05
0.500000 0.050000 0.100000 50 0.633464 0.650904 0.645859 0.549615 -9.525580e+05 0.633344 0.541941 -9.432649e+05
0.500000 0.100000 0.100000 50 0.632036 0.643950 0.646477 0.553283 -9.434670e+05 0.636125 0.544346 -9.339399e+05
0.500000 0.500000 0.100000 50 0.624182 0.638387 0.637206 0.548179 -9.069420e+05 0.631644 0.546510 -8.954825e+05
0.500000 0.001000 1.000000 50 0.656908 0.682893 0.677689 0.615445 -9.593230e+05 0.657756 0.615113 -9.441165e+05
0.500000 0.001500 1.000000 50 0.656908 0.682893 0.677689 0.615416 -9.592890e+05 0.657447 0.614801 -9.440827e+05
0.500000 0.010000 1.000000 50 0.657622 0.684284 0.678152 0.612855 -9.584080e+05 0.657293 0.611686 -9.428374e+05
0.500000 0.025000 1.000000 50 0.658574 0.682893 0.680161 0.614553 -9.564280e+05 0.660383 0.617140 -9.404119e+05
0.500000 0.050000 1.000000 50 0.659169 0.684284 0.678925 0.610313 -9.526940e+05 0.662855 0.625263 -9.342628e+05
0.500000 0.100000 1.000000 50 0.661073 0.684284 0.674444 0.602821 -9.460790e+05 0.656366 0.610063 -9.262166e+05
0.500000 0.500000 1.000000 50 0.644770 0.649513 0.645396 0.566236 -9.193730e+05 0.612948 0.598994 -8.966301e+05
