0.005000 0.001000 0.001000 50 0.679267 0.680952 0.679786 0.679780 -1.892660e+07 0.680950 0.680944 -1.887809e+07
0.005000 0.001500 0.001000 50 0.679287 0.680476 0.680104 0.680097 -1.892120e+07 0.681268 0.681261 -1.887254e+07
0.005000 0.010000 0.001000 50 0.680148 0.681905 0.681320 0.681314 -1.883960e+07 0.683066 0.683060 -1.879012e+07
0.005000 0.025000 0.001000 50 0.680600 0.682857 0.682378 0.682373 -1.873700e+07 0.684547 0.684542 -1.868387e+07
0.005000 0.050000 0.001000 50 0.681194 0.684762 0.684283 0.684277 -1.863170e+07 0.685447 0.685441 -1.857642e+07
0.005000 0.100000 0.001000 50 0.682487 0.679524 0.685817 0.685811 -1.850940e+07 0.685288 0.685282 -1.845155e+07
0.005000 0.500000 0.001000 50 0.674816 0.669524 0.676824 0.676818 -1.822980e+07 0.675501 0.675495 -1.816819e+07
0.005000 0.001000 0.010000 50 0.681420 0.689048 0.680633 0.680626 -1.892850e+07 0.681849 0.681844 -1.887577e+07
0.005000 0.001500 0.010000 50 0.681646 0.688571 0.681426 0.681419 -1.892300e+07 0.681691 0.681685 -1.887015e+07
0.005000 0.010000 0.010000 50 0.683881 0.686667 0.685235 0.685227 -1.883790e+07 0.685553 0.685545 -1.877921e+07
0.005000 0.025000 0.010000 50 0.685563 0.683810 0.687933 0.687924 -1.873120e+07 0.688991 0.688982 -1.867310e+07
0.005000 0.050000 0.010000 50 0.686014 0.685714 0.689838 0.689828 -1.862310e+07 0.690525 0.690515 -1.856222e+07
0.005000 0.100000 0.010000 50 0.686363 0.681905 0.691213 0.691202 -1.850030e+07 0.692641 0.692630 -1.843582e+07
0.005000 0.500000 0.010000 50 0.678200 0.677619 0.679733 0.679721 -1.822810e+07 0.679469 0.679456 -1.815936e+07
0.005000 0.001000 0.100000 50 0.677544 0.688095 0.678940 0.678933 -1.892880e+07 0.681479 0.681472 -1.886537e+07
0.005000 0.001500 0.100000 50 0.677687 0.688095 0.678781 0.678775 -1.892300e+07 0.681532 0.681525 -1.885960e+07
0.005000 0.010000 0.100000 50 0.677195 0.687619 0.678940 0.678933 -1.883410e+07 0.681109 0.681102 -1.876875e+07
0.005000 0.025000 0.100000 50 0.678364 0.687143 0.682061 0.682054 -1.872290e+07 0.683013 0.683007 -1.865253e+07
0.005000 0.050000 0.100000 50 0.678938 0.689524 0.683066 0.683059 -1.861610e+07 0.683913 0.683905 -1.854103e+07
0.005000 0.100000 0.100000 50 0.680046 0.689524 0.683754 0.683746 -1.849760e+07 0.685129 0.685121 -1.841824e+07
0.005000 0.500000 0.100000 50 0.673155 0.680476 0.678622 0.678614 -1.823710e+07 0.678728 0.678719 -1.815205e+07
0.005000 0.001000 1.000000 50 0.679595 0.683810 0.680791 0.680784 -1.893040e+07 0.682590 0.682583 -1.882389e+07
0.005000 0.001500 1.000000 50 0.679390 0.683810 0.680527 0.680520 -1.892480e+07 0.682590 0.682583 -1.881786e+07
0.005000 0.010000 1.000000 50 0.680723 0.684762 0.682537 0.682530 -1.883740e+07 0.685024 0.685017 -1.871912e+07
0.005000 0.025000 1.000000 50 0.682282 0.685238 0.684653 0.684645 -1.873500e+07 0.686769 0.686762 -1.860528e+07
0.005000 0.050000 1.000000 50 0.683430 0.688095 0.687827 0.687818 -1.863540e+07 0.687034 0.687025 -1.849515e+07
0.005000 0.100000 1.000000 50 0.683245 0.687143 0.688251 0.688241 -1.853000e+07 0.687774 0.687766 -1.837629e+07
0.005000 0.500000 1.000000 50 0.674119 0.676667 0.676083 0.676075 -1.828810e+07 0.675872 0.675864 -1.813919e+07
