0.050000 0.001000 0.001000 50 0.559967 0.567455 0.558560 0.490999 -9.647510e+05 0.561341 0.493272 -9.594383e+05
0.050000 0.001500 0.001000 50 0.560030 0.567455 0.558560 0.491002 -9.646620e+05 0.561496 0.493428 -9.593499e+05
0.050000 0.010000 0.001000 50 0.557462 0.561892 0.556242 0.489236 -9.629830e+05 0.559642 0.491943 -9.575500e+05
0.050000 0.025000 0.001000 50 0.557400 0.560501 0.555624 0.488746 -9.601920e+05 0.555624 0.488659 -9.546465e+05
0.050000 0.050000 0.001000 50 0.558464 0.567455 0.555933 0.489011 -9.557480e+05 0.553770 0.487124 -9.501385e+05
0.050000 0.100000 0.001000 50 0.566230 0.568846 0.565822 0.496913 -9.479580e+05 0.556242 0.486142 -9.420633e+05
0.050000 0.500000 0.001000 50 0.574811 0.585535 0.575402 0.495161 -9.105830e+05 0.574938 0.488631 -9.037652e+05
0.050000 0.001000 0.010000 50 0.553705 0.547983 0.550216 0.497196 -9.629300e+05 0.552689 0.496161 -9.567161e+05
0.050000 0.001500 0.010000 50 0.553705 0.547983 0.550216 0.497196 -9.628410e+05 0.552534 0.496005 -9.566277e+05
0.050000 0.010000 0.010000 50 0.549007 0.538248 0.545890 0.496420 -9.608360e+05 0.550371 0.500138 -9.547517e+05
0.050000 0.025000 0.010000 50 0.549696 0.542420 0.548826 0.495903 -9.581800e+05 0.548517 0.498422 -9.517996e+05
0.050000 0.050000 0.010000 50 0.550761 0.538248 0.551298 0.501045 -9.536680e+05 0.552070 0.507575 -9.474890e+05
0.050000 0.100000 0.010000 50 0.560719 0.550765 0.559333 0.504986 -9.458180e+05 0.556088 0.504897 -9.391619e+05
0.050000 0.500000 0.010000 50 0.580823 0.595271 0.584981 0.506696 -9.085760e+05 0.580346 0.511183 -9.003782e+05
0.050000 0.001000 0.100000 50 0.575437 0.574409 0.573857 0.519399 -9.605370e+05 0.569839 0.512888 -9.513060e+05
0.050000 0.001500 0.100000 50 0.575562 0.574409 0.573857 0.519399 -9.604420e+05 0.569530 0.512641 -9.512146e+05
0.050000 0.010000 0.100000 50 0.576627 0.574409 0.572930 0.518635 -9.584660e+05 0.569994 0.513027 -9.492053e+05
0.050000 0.025000 0.100000 50 0.576752 0.578581 0.572775 0.518548 -9.552750e+05 0.570457 0.513443 -9.459749e+05
0.050000 0.050000 0.100000 50 0.577253 0.573018 0.574784 0.519922 -9.503140e+05 0.572621 0.512133 -9.409121e+05
0.050000 0.100000 0.100000 50 0.579821 0.581363 0.580810 0.524895 -9.416580e+05 0.579110 0.520377 -9.319663e+05
0.050000 0.500000 0.100000 50 0.586522 0.589708 0.590544 0.520443 -9.082430e+05 0.592244 0.528112 -8.959024e+05
0.050000 0.001000 1.000000 50 0.592973 0.591099 0.596106 0.568216 -9.561710e+05 0.583745 0.574569 -9.412101e+05
0.050000 0.001500 1.000000 50 0.593850 0.592490 0.593789 0.556973 -9.549640e+05 0.583436 0.574258 -9.411693e+05
0.050000 0.010000 1.000000 50 0.592910 0.589708 0.595643 0.567661 -9.555960e+05 0.582200 0.575871 -9.397747e+05
0.050000 0.025000 1.000000 50 0.591533 0.592490 0.594098 0.571735 -9.541200e+05 0.579574 0.584816 -9.364767e+05
0.050000 0.050000 1.000000 50 0.588276 0.582754 0.592398 0.581839 -9.502690e+05 0.576483 0.586751 -9.303934e+05
0.050000 0.100000 1.000000 50 0.578130 0.574409 0.581582 0.590835 -9.437890e+05 0.578956 0.585428 -9.234739e+05
0.050000 0.500000 1.000000 50 0.568861 0.568846 0.563813 0.567212 -9.211790e+05 0.565204 0.585697 -8.965282e+05
