0.300000 0.001000 0.001000 50 0.658353 0.663063 0.672724 0.662319 -3.729630e+06 0.667588 0.656358 -3.698513e+06
0.300000 0.001500 0.001000 50 0.659007 0.663063 0.674106 0.663866 -3.727830e+06 0.668576 0.657331 -3.696815e+06
0.300000 0.010000 0.001000 50 0.661185 0.666667 0.679834 0.669668 -3.711900e+06 0.671341 0.660133 -3.680033e+06
0.300000 0.025000 0.001000 50 0.662056 0.659459 0.681809 0.671573 -3.698230e+06 0.674106 0.663125 -3.665853e+06
0.300000 0.050000 0.001000 50 0.662492 0.652252 0.683587 0.673474 -3.685200e+06 0.673119 0.662074 -3.652604e+06
0.300000 0.100000 0.001000 50 0.664779 0.663063 0.679637 0.668348 -3.670250e+06 0.678254 0.666619 -3.637267e+06
0.300000 0.500000 0.001000 50 0.656175 0.636036 0.659688 0.647764 -3.629980e+06 0.664033 0.650732 -3.596029e+06
0.300000 0.001000 0.010000 50 0.659225 0.650450 0.661071 0.652989 -3.729420e+06 0.657120 0.648275 -3.695271e+06
0.300000 0.001500 0.010000 50 0.658680 0.650450 0.660478 0.652270 -3.727770e+06 0.658503 0.649406 -3.693532e+06
0.300000 0.010000 0.010000 50 0.668591 0.663063 0.673711 0.665514 -3.712480e+06 0.667588 0.658967 -3.677816e+06
0.300000 0.025000 0.010000 50 0.668809 0.681081 0.677266 0.668793 -3.699400e+06 0.668971 0.659391 -3.664348e+06
0.300000 0.050000 0.010000 50 0.667393 0.681081 0.676279 0.667265 -3.687510e+06 0.670156 0.659958 -3.652042e+06
0.300000 0.100000 0.010000 50 0.664234 0.677477 0.674106 0.664706 -3.673250e+06 0.670551 0.660039 -3.637499e+06
0.300000 0.500000 0.010000 50 0.648878 0.652252 0.662256 0.652229 -3.635360e+06 0.660478 0.649436 -3.597751e+06
0.300000 0.001000 0.100000 50 0.698758 0.724324 0.702548 0.694907 -3.729750e+06 0.698400 0.690407 -3.687977e+06
0.300000 0.001500 0.100000 50 0.699521 0.724324 0.702745 0.695245 -3.727280e+06 0.698993 0.690646 -3.686190e+06
0.300000 0.010000 0.100000 50 0.701481 0.724324 0.704128 0.696056 -3.712310e+06 0.698993 0.689601 -3.670055e+06
0.300000 0.025000 0.100000 50 0.699956 0.715315 0.704128 0.695170 -3.700180e+06 0.700573 0.690848 -3.656557e+06
0.300000 0.050000 0.100000 50 0.698867 0.717117 0.708671 0.699255 -3.688300e+06 0.701363 0.690427 -3.644284e+06
0.300000 0.100000 0.100000 50 0.697887 0.706306 0.705708 0.695699 -3.674810e+06 0.699585 0.688186 -3.630351e+06
0.300000 0.500000 0.100000 50 0.685036 0.699099 0.692080 0.680436 -3.640920e+06 0.696623 0.684309 -3.594400e+06
0.300000 0.001000 1.000000 50 0.621869 0.645045 0.626111 0.619434 -3.733530e+06 0.616038 0.606599 -3.668784e+06
0.300000 0.001500 1.000000 50 0.623503 0.643243 0.625913 0.619077 -3.732400e+06 0.617618 0.607877 -3.667356e+06
0.300000 0.010000 1.000000 50 0.623394 0.643243 0.622556 0.613277 -3.721100e+06 0.610903 0.599384 -3.656005e+06
0.300000 0.025000 1.000000 50 0.625245 0.634234 0.625321 0.615217 -3.712500e+06 0.615445 0.603122 -3.647073e+06
0.300000 0.050000 1.000000 50 0.626770 0.648649 0.626506 0.616367 -3.704770e+06 0.620186 0.607266 -3.638993e+06
0.300000 0.100000 1.000000 50 0.628948 0.645045 0.630851 0.620626 -3.695930e+06 0.624926 0.611666 -3.628099e+06
0.300000 0.500000 1.000000 50 0.636572 0.618018 0.627691 0.617481 -3.669970e+06 0.640924 0.626304 -3.602475e+06
