0.500000 0.001000 0.001000 50 0.668649 0.670270 0.680229 0.670805 -3.730090e+06 0.671934 0.661600 -3.699208e+06
0.500000 0.001500 0.001000 50 0.670326 0.672072 0.680229 0.670483 -3.728310e+06 0.672724 0.662319 0.000000e+00
0.500000 0.010000 0.001000 50 0.675968 0.672072 0.686154 0.676129 -3.711690e+06 0.674501 0.664025 -3.679601e+06
0.500000 0.025000 0.001000 50 0.677188 0.677477 0.685759 0.675997 -3.698110e+06 0.675094 0.664998 -3.665801e+06
0.500000 0.050000 0.001000 50 0.674443 0.673874 0.688920 0.679090 -3.685280e+06 0.678254 0.668395 -3.652672e+06
0.500000 0.100000 0.001000 50 0.677493 0.668468 0.690105 0.680095 -3.670370e+06 0.680229 0.669552 -3.637400e+06
0.500000 0.500000 0.001000 50 0.661940 0.648649 0.672526 0.660828 -3.629930e+06 0.669563 0.656655 -3.596001e+06
0.500000 0.001000 0.010000 50 0.689844 0.704505 0.700770 0.690691 -3.727820e+06 0.690105 0.679191 -3.693573e+06
0.500000 0.001500 0.010000 50 0.688320 0.702703 0.701165 0.691233 -3.726040e+06 0.690895 0.679996 -3.691698e+06
0.500000 0.010000 0.010000 50 0.687710 0.709910 0.706301 0.696124 -3.709880e+06 0.697413 0.686785 -3.674387e+06
0.500000 0.025000 0.010000 50 0.688015 0.700901 0.702153 0.691818 -3.695810e+06 0.697413 0.686639 -3.660221e+06
0.500000 0.050000 0.010000 50 0.687862 0.700901 0.702943 0.692305 -3.682940e+06 0.694450 0.683371 -3.647062e+06
0.500000 0.100000 0.010000 50 0.686642 0.704505 0.701758 0.690903 -3.668280e+06 0.693067 0.681441 -3.632015e+06
0.500000 0.500000 0.010000 50 0.678103 0.691892 0.688130 0.675770 -3.628950e+06 0.691487 0.678875 -3.591399e+06
0.500000 0.001000 0.100000 50 0.696096 0.709910 0.712621 0.702316 -3.731180e+06 0.695240 0.684262 -3.690229e+06
0.500000 0.001500 0.100000 50 0.696401 0.713514 0.711436 0.701211 -3.729430e+06 0.695635 0.684501 -3.688376e+06
0.500000 0.010000 0.100000 50 0.695181 0.708108 0.718349 0.708255 -3.713110e+06 0.703140 0.691936 -3.670028e+06
0.500000 0.025000 0.100000 50 0.694114 0.706306 0.716571 0.706093 -3.698880e+06 0.708671 0.697351 -3.655881e+06
0.500000 0.050000 0.100000 50 0.689997 0.695495 0.717756 0.707722 -3.686100e+06 0.707486 0.696132 -3.642593e+06
0.500000 0.100000 0.100000 50 0.687862 0.690090 0.712818 0.702461 -3.672610e+06 0.706103 0.694429 -3.627914e+06
0.500000 0.500000 0.100000 50 0.682830 0.666667 0.697018 0.685847 -3.636630e+06 0.692672 0.680516 -3.590224e+06
0.500000 0.001000 1.000000 50 0.639067 0.673874 0.648232 0.641773 -3.733890e+06 0.629469 0.620403 -3.668942e+06
0.500000 0.001500 1.000000 50 0.639829 0.670270 0.648627 0.642190 -3.732510e+06 0.628481 0.619329 -3.667585e+06
0.500000 0.010000 1.000000 50 0.639067 0.677477 0.645072 0.637954 -3.720950e+06 0.625321 0.614749 -3.656174e+06
0.500000 0.025000 1.000000 50 0.636780 0.682883 0.643887 0.636918 -3.712150e+06 0.630654 0.619258 -3.647884e+06
0.500000 0.050000 1.000000 50 0.643031 0.690090 0.647837 0.639725 -3.704660e+06 0.633814 0.621576 -3.638768e+06
0.500000 0.100000 1.000000 50 0.642421 0.679279 0.647047 0.638868 -3.695410e+06 0.637567 0.624578 -3.628997e+06
0.500000 0.500000 1.000000 50 0.650046 0.639640 0.633616 0.624716 -3.669880e+06 0.659885 0.646296 -3.602969e+06
