0.500000 0.001000 0.001000 50 0.594669 0.607789 0.597651 0.505135 -9.665930e+05 0.585136 0.498227 -9.606528e+05
0.500000 0.001500 0.001000 50 0.594669 0.607789 0.597806 0.505291 -9.665050e+05 0.584981 0.498103 -9.605655e+05
0.500000 0.010000 0.001000 50 0.595859 0.609179 0.599815 0.506958 -9.648980e+05 0.585754 0.498919 -9.588883e+05
0.500000 0.025000 0.001000 50 0.595978 0.607789 0.601360 0.508235 -9.621660e+05 0.586218 0.499226 -9.562817e+05
0.500000 0.050000 0.001000 50 0.594907 0.606398 0.600742 0.507693 -9.577640e+05 0.585754 0.495622 -9.518497e+05
0.500000 0.100000 0.001000 50 0.595978 0.611961 0.600896 0.507804 -9.496340e+05 0.586681 0.496311 -9.437208e+05
0.500000 0.500000 0.001000 50 0.595621 0.625869 0.605686 0.511756 -9.103140e+05 0.593325 0.504532 -9.038155e+05
0.500000 0.001000 0.010000 50 0.602642 0.623088 0.614184 0.525762 -9.653100e+05 0.603214 0.523358 -9.586780e+05
0.500000 0.001500 0.010000 50 0.602642 0.623088 0.614339 0.525886 -9.652170e+05 0.603677 0.523736 -9.585872e+05
0.500000 0.010000 0.010000 50 0.603356 0.627260 0.616965 0.531247 -9.633770e+05 0.605841 0.525798 -9.565851e+05
0.500000 0.025000 0.010000 50 0.605617 0.625869 0.619283 0.533384 -9.603510e+05 0.608158 0.527634 -9.535032e+05
0.500000 0.050000 0.010000 50 0.604784 0.631433 0.618356 0.529137 -9.555660e+05 0.611712 0.530409 -9.489220e+05
0.500000 0.100000 0.010000 50 0.607521 0.627260 0.622219 0.532724 -9.468510e+05 0.614493 0.530007 -9.397680e+05
0.500000 0.500000 0.010000 50 0.617042 0.639777 0.624691 0.529080 -9.080370e+05 0.617738 0.535128 -9.000046e+05
0.500000 0.001000 0.100000 50 0.629061 0.639777 0.645859 0.566590 -9.639830e+05 0.625773 0.563365 -9.547583e+05
0.500000 0.001500 0.100000 50 0.629537 0.638387 0.646323 0.567018 -9.635280e+05 0.625618 0.563241 -9.546666e+05
0.500000 0.010000 0.100000 50 0.630965 0.639777 0.647404 0.568104 -9.612770e+05 0.629172 0.569651 -9.523130e+05
0.500000 0.025000 0.100000 50 0.632393 0.643950 0.647095 0.564819 -9.580770e+05 0.631026 0.568510 -9.491112e+05
0.500000 0.050000 0.100000 50 0.629775 0.641168 0.646477 0.561223 -9.530350e+05 0.631644 0.569012 -9.440084e+05
0.500000 0.100000 0.100000 50 0.629656 0.643950 0.648795 0.560324 -9.440620e+05 0.632571 0.564041 -9.348441e+05
0.500000 0.500000 0.100000 50 0.629656 0.648122 0.649104 0.560908 -9.073050e+05 0.630717 0.544659 -8.954118e+05
0.500000 0.001000 1.000000 50 0.640605 0.667594 0.661310 0.593775 -9.575090e+05 0.631180 0.580742 -9.429136e+05
0.500000 0.001500 1.000000 50 0.640486 0.667594 0.661001 0.593527 -9.574690e+05 0.631180 0.580771 -9.428752e+05
0.500000 0.010000 1.000000 50 0.638700 0.662031 0.661465 0.593833 -9.565090e+05 0.630717 0.580348 -9.414618e+05
0.500000 0.025000 1.000000 50 0.639057 0.660640 0.663319 0.595307 -9.545300e+05 0.633962 0.583096 -9.390259e+05
0.500000 0.050000 1.000000 50 0.639653 0.660640 0.666564 0.598294 -9.506920e+05 0.632880 0.578870 -9.344961e+05
0.500000 0.100000 1.000000 50 0.671665 0.680111 0.687114 0.592467 -9.461860e+05 0.633807 0.589220 -9.271179e+05
0.500000 0.500000 1.000000 50 0.651672 0.648122 0.650494 0.568378 -9.181130e+05 0.646168 0.582313 -8.942059e+05
