0.900000 0.001000 0.001000 50 0.711364 0.709910 0.714794 0.707145 -3.729610e+06 0.695635 0.688283 -3.697785e+06
0.900000 0.001500 0.001000 50 0.714394 0.708108 0.715189 0.707510 -3.727930e+06 0.695240 0.687747 -3.696118e+06
0.900000 0.010000 0.001000 50 0.717424 0.706306 0.713214 0.705366 -3.712460e+06 0.696228 0.688180 -3.680189e+06
0.900000 0.025000 0.001000 50 0.715909 0.697297 0.712818 0.704532 -3.698820e+06 0.696623 0.688333 -3.666331e+06
0.900000 0.050000 0.001000 50 0.711364 0.688288 0.711238 0.702301 -3.686280e+06 0.696820 0.688140 -3.653553e+06
0.900000 0.100000 0.001000 50 0.703030 0.677477 0.706893 0.698374 -3.671580e+06 0.695437 0.686627 -3.638666e+06
0.900000 0.500000 0.001000 50 0.686364 0.672072 0.691487 0.683408 -3.630880e+06 0.686154 0.677051 -3.596845e+06
0.900000 0.001000 0.010000 50 0.690909 0.702703 0.713609 0.706192 -3.729090e+06 0.690302 0.682316 -3.694413e+06
0.900000 0.001500 0.010000 50 0.692424 0.702703 0.714596 0.707243 -3.727030e+06 0.690697 0.682694 -3.692446e+06
0.900000 0.010000 0.010000 50 0.692424 0.706306 0.713609 0.705614 -3.710280e+06 0.696425 0.688411 -3.674887e+06
0.900000 0.025000 0.010000 50 0.692424 0.699099 0.708276 0.700064 -3.697160e+06 0.695833 0.687391 -3.661020e+06
0.900000 0.050000 0.010000 50 0.690152 0.691892 0.709263 0.700965 -3.684700e+06 0.693857 0.685164 -3.648397e+06
0.900000 0.100000 0.010000 50 0.687879 0.686486 0.708078 0.699526 -3.670330e+06 0.693265 0.684306 -3.633854e+06
0.900000 0.500000 0.010000 50 0.676515 0.666667 0.688722 0.679651 -3.631990e+06 0.683389 0.674107 -3.594438e+06
0.900000 0.001000 0.100000 50 0.754545 0.749550 0.749753 0.740910 -3.731590e+06 0.729014 0.718899 -3.690200e+06
0.900000 0.001500 0.100000 50 0.753788 0.751351 0.748568 0.739826 -3.729550e+06 0.729212 0.719065 -3.688044e+06
0.900000 0.010000 0.100000 50 0.755303 0.772973 0.747580 0.738964 -3.712510e+06 0.729014 0.718852 -3.668401e+06
0.900000 0.025000 0.100000 50 0.754545 0.771171 0.747185 0.737772 -3.698950e+06 0.727434 0.716783 -3.654152e+06
0.900000 0.050000 0.100000 50 0.752273 0.760360 0.743235 0.732706 -3.686390e+06 0.724472 0.713368 -3.641764e+06
0.900000 0.100000 0.100000 50 0.754545 0.756757 0.740470 0.729200 -3.671610e+06 0.730990 0.719626 -3.626536e+06
0.900000 0.500000 0.100000 50 0.726515 0.713514 0.722694 0.711203 -3.635940e+06 0.720126 0.707829 -3.588831e+06
0.900000 0.001000 1.000000 50 0.725758 0.740541 0.751136 0.743752 -3.735850e+06 0.726052 0.715371 -3.663137e+06
0.900000 0.001500 1.000000 50 0.723485 0.745946 0.750543 0.743092 -3.734870e+06 0.724077 0.713205 -3.661895e+06
0.900000 0.010000 1.000000 50 0.725758 0.720721 0.750741 0.741948 -3.723220e+06 0.724669 0.713237 -3.650704e+06
0.900000 0.025000 1.000000 50 0.727273 0.720721 0.755086 0.746060 -3.714620e+06 0.726052 0.714126 -3.642273e+06
0.900000 0.050000 1.000000 50 0.731818 0.718919 0.752321 0.743258 -3.705920e+06 0.729409 0.717377 -3.632144e+06
0.900000 0.100000 1.000000 50 0.736364 0.718919 0.746000 0.736194 -3.695370e+06 0.732767 0.720477 -3.622358e+06
0.900000 0.500000 1.000000 50 0.722727 0.702703 0.714991 0.704724 -3.672230e+06 0.726249 0.713531 -3.601805e+06
