0.100000 0.001000 0.001000 50 0.547167 0.549374 0.556706 0.508807 -9.658630e+05 0.552843 0.508831 -9.601098e+05
0.100000 0.001500 0.001000 50 0.545581 0.541029 0.555470 0.507783 -9.655990e+05 0.552843 0.508831 -9.600242e+05
0.100000 0.010000 0.001000 50 0.545184 0.541029 0.555161 0.510552 -9.639450e+05 0.550371 0.506690 -9.582762e+05
0.100000 0.025000 0.001000 50 0.545052 0.543811 0.553461 0.509034 -9.611980e+05 0.549135 0.505697 -9.554637e+05
0.100000 0.050000 0.001000 50 0.547498 0.557719 0.556242 0.511394 -9.569910e+05 0.550834 0.507096 -9.513079e+05
0.100000 0.100000 0.001000 50 0.551332 0.566064 0.556551 0.511454 -9.491030e+05 0.552379 0.511324 -9.431076e+05
0.100000 0.500000 0.001000 50 0.567264 0.595271 0.568140 0.498457 -9.111090e+05 0.562268 0.493659 -9.045212e+05
0.100000 0.001000 0.010000 50 0.559199 0.552156 0.564431 0.501304 -9.645160e+05 0.560105 0.497568 -9.580811e+05
0.100000 0.001500 0.010000 50 0.559265 0.552156 0.564431 0.501304 -9.644310e+05 0.559951 0.497412 -9.579972e+05
0.100000 0.010000 0.010000 50 0.557348 0.552156 0.563504 0.500658 -9.626870e+05 0.557787 0.498647 -9.561327e+05
0.100000 0.025000 0.010000 50 0.558406 0.546592 0.562577 0.496854 -9.598780e+05 0.557169 0.498338 -9.532372e+05
0.100000 0.050000 0.010000 50 0.559926 0.547983 0.564740 0.498718 -9.555040e+05 0.559796 0.497510 -9.491121e+05
0.100000 0.100000 0.010000 50 0.562174 0.547983 0.567213 0.494559 -9.478140e+05 0.562268 0.499697 -9.410375e+05
0.100000 0.500000 0.010000 50 0.565677 0.568846 0.573239 0.493142 -9.110560e+05 0.567676 0.491435 -9.028371e+05
0.100000 0.001000 0.100000 50 0.536656 0.531293 0.537392 0.513658 -9.630580e+05 0.533220 0.519258 -9.539753e+05
0.100000 0.001500 0.100000 50 0.537119 0.529903 0.536001 0.509207 -9.625590e+05 0.531984 0.517949 -9.534082e+05
0.100000 0.010000 0.100000 50 0.536855 0.531293 0.536156 0.509203 -9.606620e+05 0.530439 0.519438 -9.514766e+05
0.100000 0.025000 0.100000 50 0.537119 0.534075 0.534765 0.504792 -9.576150e+05 0.531366 0.519922 -9.484033e+05
0.100000 0.050000 0.100000 50 0.540160 0.541029 0.537237 0.503839 -9.529280e+05 0.535538 0.520311 -9.435986e+05
0.100000 0.100000 0.100000 50 0.547498 0.550765 0.550989 0.510024 -9.448660e+05 0.544654 0.519185 -9.350360e+05
0.100000 0.500000 0.100000 50 0.583262 0.591099 0.591780 0.531410 -9.109600e+05 0.584054 0.542415 -8.982323e+05
0.100000 0.001000 1.000000 50 0.568123 0.584145 0.572466 0.594813 -9.559990e+05 0.583900 0.597787 -9.400881e+05
0.100000 0.001500 1.000000 50 0.568586 0.584145 0.572775 0.595060 -9.559630e+05 0.583900 0.597787 -9.400444e+05
0.100000 0.010000 1.000000 50 0.577048 0.593880 0.582664 0.601908 -9.547270e+05 0.584672 0.598567 -9.386674e+05
0.100000 0.025000 1.000000 50 0.582667 0.591099 0.589771 0.608730 -9.525600e+05 0.585754 0.596590 -9.353069e+05
0.100000 0.050000 1.000000 50 0.585774 0.596662 0.591471 0.607733 -9.487500e+05 0.585290 0.596236 -9.313194e+05
0.100000 0.100000 1.000000 50 0.586567 0.593880 0.588072 0.593067 -9.438490e+05 0.588690 0.595954 -9.254445e+05
0.100000 0.500000 1.000000 50 0.590269 0.602225 0.596261 0.561691 -9.223480e+05 0.596879 0.582361 -8.984465e+05
