0.300000 0.001000 0.001000 50 0.922193 0.911383 0.924974 0.926849 -3.405250e+06 0.921186 0.923289 -3.376547e+06
0.300000 0.001500 0.001000 50 0.922149 0.911383 0.924893 0.926738 -3.404530e+06 0.921186 0.923288 -3.375817e+06
0.300000 0.010000 0.001000 50 0.922814 0.908501 0.924732 0.926577 -3.393070e+06 0.921670 0.923793 -3.364795e+06
0.300000 0.025000 0.001000 50 0.922415 0.908501 0.924571 0.926469 -3.377370e+06 0.921912 0.924064 -3.348837e+06
0.300000 0.050000 0.001000 50 0.921661 0.906340 0.924651 0.926638 -3.358950e+06 0.921428 0.923709 -3.330217e+06
0.300000 0.100000 0.001000 50 0.920552 0.905620 0.923684 0.925744 -3.334600e+06 0.921428 0.923776 -3.304961e+06
0.300000 0.500000 0.001000 50 0.918777 0.905620 0.920622 0.922406 -3.261460e+06 0.919010 0.921051 -3.230326e+06
0.300000 0.001000 0.010000 50 0.919975 0.915706 0.925699 0.928765 -3.398550e+06 0.922798 0.926051 -3.371344e+06
0.300000 0.001500 0.010000 50 0.919931 0.916427 0.925860 0.928916 -3.397840e+06 0.922717 0.925971 -3.370626e+06
0.300000 0.010000 0.010000 50 0.919798 0.915706 0.925619 0.928720 -3.386440e+06 0.922717 0.926069 -3.358598e+06
0.300000 0.025000 0.010000 50 0.919709 0.912824 0.925941 0.929026 -3.370460e+06 0.923040 0.926410 -3.342396e+06
0.300000 0.050000 0.010000 50 0.919310 0.912824 0.925457 0.928566 -3.350290e+06 0.923281 0.926686 -3.321326e+06
0.300000 0.100000 0.010000 50 0.918245 0.912824 0.925457 0.928559 -3.324450e+06 0.923362 0.926753 -3.294901e+06
0.300000 0.500000 0.010000 50 0.916293 0.907781 0.921750 0.924942 -3.250840e+06 0.919575 0.923003 -3.219346e+06
0.300000 0.001000 0.100000 50 0.925964 0.914265 0.929567 0.932530 -3.403640e+06 0.928358 0.931632 -3.369797e+06
0.300000 0.001500 0.100000 50 0.926008 0.914265 0.929406 0.932380 -3.402910e+06 0.928439 0.931708 -3.369068e+06
0.300000 0.010000 0.100000 50 0.925698 0.914986 0.929890 0.932976 -3.390190e+06 0.927875 0.931201 -3.356016e+06
0.300000 0.025000 0.100000 50 0.925653 0.912824 0.930454 0.933550 -3.373000e+06 0.928600 0.931967 -3.339120e+06
0.300000 0.050000 0.100000 50 0.925786 0.913545 0.930051 0.933148 -3.353810e+06 0.928681 0.932087 -3.317957e+06
0.300000 0.100000 0.100000 50 0.925210 0.911383 0.929487 0.932648 -3.329410e+06 0.928439 0.931834 -3.292227e+06
0.300000 0.500000 0.100000 50 0.923169 0.908501 0.926505 0.929441 -3.261700e+06 0.924893 0.927906 -3.221459e+06
0.300000 0.001000 1.000000 50 0.939405 0.930115 0.936256 0.938769 -3.403320e+06 0.937787 0.940528 -3.340613e+06
0.300000 0.001500 1.000000 50 0.939360 0.930115 0.936256 0.938769 -3.402970e+06 0.937707 0.940453 -3.340276e+06
0.300000 0.010000 1.000000 50 0.939183 0.930115 0.935853 0.938355 -3.396480e+06 0.937223 0.939996 -3.330508e+06
0.300000 0.025000 1.000000 50 0.938695 0.926513 0.935772 0.938317 -3.387430e+06 0.936901 0.939735 -3.318516e+06
0.300000 0.050000 1.000000 50 0.938030 0.927233 0.936095 0.938674 -3.375790e+06 0.936659 0.939545 -3.301920e+06
0.300000 0.100000 1.000000 50 0.934481 0.927233 0.933435 0.935358 -3.360010e+06 0.933355 0.935330 -3.284105e+06
0.300000 0.500000 1.000000 50 0.927339 0.902017 0.921267 0.923264 -3.312300e+06 0.925457 0.927853 -3.236747e+06
