0.200000 0.001000 0.001000 50 0.564629 0.577191 0.572002 0.499120 -9.662820e+05 0.562577 0.491204 -9.606029e+05
0.200000 0.001500 0.001000 50 0.564480 0.577191 0.572311 0.499343 -9.660260e+05 0.562577 0.491204 -9.605196e+05
0.200000 0.010000 0.001000 50 0.564629 0.574409 0.572466 0.496344 -9.644530e+05 0.563659 0.491984 -9.588436e+05
0.200000 0.025000 0.001000 50 0.565670 0.579972 0.573702 0.497386 -9.619620e+05 0.564122 0.492271 -9.561597e+05
0.200000 0.050000 0.001000 50 0.567455 0.582754 0.575402 0.498568 -9.578140e+05 0.566440 0.494060 -9.522032e+05
0.200000 0.100000 0.001000 50 0.571322 0.582754 0.578801 0.495053 -9.502550e+05 0.568294 0.495427 -9.445995e+05
0.200000 0.500000 0.001000 50 0.575785 0.589708 0.581273 0.499628 -9.126210e+05 0.574475 0.499810 -9.061253e+05
0.200000 0.001000 0.010000 50 0.587163 0.593880 0.592244 0.517577 -9.652280e+05 0.584827 0.511166 -9.591694e+05
0.200000 0.001500 0.010000 50 0.587163 0.593880 0.592244 0.517577 -9.651360e+05 0.584518 0.510842 -9.587035e+05
0.200000 0.010000 0.010000 50 0.588502 0.593880 0.593943 0.518927 -9.634050e+05 0.584209 0.510479 -9.571704e+05
0.200000 0.025000 0.010000 50 0.588130 0.592490 0.595797 0.520469 -9.606750e+05 0.586836 0.512501 -9.541567e+05
0.200000 0.050000 0.010000 50 0.589469 0.593880 0.596724 0.521081 -9.561010e+05 0.590235 0.515205 -9.494565e+05
0.200000 0.100000 0.010000 50 0.590138 0.602225 0.601514 0.518903 -9.478270e+05 0.593634 0.524107 -9.413336e+05
0.200000 0.500000 0.010000 50 0.593931 0.620306 0.599042 0.517296 -9.101750e+05 0.592089 0.516913 -9.021491e+05
0.200000 0.001000 0.100000 50 0.598319 0.600834 0.601669 0.523780 -9.615280e+05 0.593325 0.516415 -9.525524e+05
0.200000 0.001500 0.100000 50 0.597501 0.602225 0.600278 0.522585 -9.610060e+05 0.593325 0.516447 -9.519673e+05
0.200000 0.010000 0.100000 50 0.597204 0.603616 0.600587 0.522669 -9.586800e+05 0.593634 0.516661 -9.499699e+05
0.200000 0.025000 0.100000 50 0.599286 0.607789 0.601514 0.523516 -9.555070e+05 0.594098 0.517031 -9.467747e+05
0.200000 0.050000 0.100000 50 0.600327 0.613352 0.603523 0.525151 -9.505930e+05 0.595488 0.515147 -9.417988e+05
0.200000 0.100000 0.100000 50 0.601517 0.610570 0.605995 0.524088 -9.423360e+05 0.597651 0.516963 -9.329318e+05
0.200000 0.500000 0.100000 50 0.604046 0.611961 0.616038 0.532650 -9.086920e+05 0.608776 0.526400 -8.966006e+05
0.200000 0.001000 1.000000 50 0.688309 0.699583 0.687577 0.581364 -9.555410e+05 0.679697 0.574374 -9.432707e+05
0.200000 0.001500 1.000000 50 0.688086 0.699583 0.687886 0.581615 -9.555230e+05 0.680161 0.574925 -9.426395e+05
0.200000 0.010000 1.000000 50 0.686747 0.696801 0.686032 0.580115 -9.548960e+05 0.679388 0.574166 -9.415696e+05
0.200000 0.025000 1.000000 50 0.686226 0.699583 0.687114 0.580905 -9.533640e+05 0.679543 0.573866 -9.398492e+05
0.200000 0.050000 1.000000 50 0.688160 0.705146 0.690667 0.583306 -9.502660e+05 0.684951 0.577515 -9.352270e+05
0.200000 0.100000 1.000000 50 0.686226 0.696801 0.687886 0.579529 -9.466270e+05 0.683869 0.575530 -9.279099e+05
0.200000 0.500000 1.000000 50 0.672021 0.662031 0.664400 0.570705 -9.210490e+05 0.660229 0.581375 -8.937178e+05
