0.300000 0.001000 0.001000 50 0.685053 0.692381 0.688885 0.688879 -1.894220e+07 0.685711 0.685705 -1.889286e+07
0.300000 0.001500 0.001000 50 0.685199 0.692381 0.688832 0.688826 -1.893660e+07 0.685923 0.685916 -1.888719e+07
0.300000 0.010000 0.001000 50 0.686481 0.691429 0.690261 0.690255 -1.885290e+07 0.687298 0.687292 -1.880238e+07
0.300000 0.025000 0.001000 50 0.687764 0.693333 0.691107 0.691101 -1.874700e+07 0.689626 0.689620 -1.869260e+07
0.300000 0.050000 0.001000 50 0.688347 0.698571 0.692218 0.692212 -1.863790e+07 0.690208 0.690202 -1.858223e+07
0.300000 0.100000 0.001000 50 0.689076 0.696190 0.692483 0.692476 -1.851280e+07 0.691319 0.691312 -1.845613e+07
0.300000 0.500000 0.001000 50 0.681292 0.684286 0.684018 0.684011 -1.823040e+07 0.682431 0.682424 -1.817008e+07
0.300000 0.001000 0.010000 50 0.686073 0.692857 0.688198 0.688191 -1.893100e+07 0.687510 0.687504 -1.887884e+07
0.300000 0.001500 0.010000 50 0.686073 0.692857 0.688356 0.688350 -1.892510e+07 0.687722 0.687715 -1.887295e+07
0.300000 0.010000 0.010000 50 0.686831 0.692381 0.689943 0.689937 -1.883510e+07 0.688409 0.688403 -1.877572e+07
0.300000 0.025000 0.010000 50 0.687968 0.692857 0.690949 0.690942 -1.872410e+07 0.688938 0.688931 -1.866244e+07
0.300000 0.050000 0.010000 50 0.689980 0.691429 0.692218 0.692211 -1.861060e+07 0.690472 0.690465 -1.854678e+07
0.300000 0.100000 0.010000 50 0.691204 0.690000 0.693647 0.693639 -1.848140e+07 0.692059 0.692052 -1.841577e+07
0.300000 0.500000 0.010000 50 0.682283 0.690476 0.683384 0.683374 -1.819380e+07 0.682537 0.682528 -1.812477e+07
0.300000 0.001000 0.100000 50 0.691438 0.692381 0.693752 0.693746 -1.893450e+07 0.691848 0.691841 -1.886932e+07
0.300000 0.001500 0.100000 50 0.691379 0.692857 0.693858 0.693852 -1.892890e+07 0.691954 0.691947 -1.886368e+07
0.300000 0.010000 0.100000 50 0.692370 0.696190 0.695128 0.695121 -1.884340e+07 0.692377 0.692370 -1.877705e+07
0.300000 0.025000 0.100000 50 0.694003 0.699048 0.696874 0.696866 -1.873410e+07 0.694440 0.694433 -1.866411e+07
0.300000 0.050000 0.100000 50 0.694499 0.702381 0.699624 0.699617 -1.862550e+07 0.696715 0.696708 -1.855159e+07
0.300000 0.100000 0.100000 50 0.695490 0.701429 0.700418 0.700410 -1.850210e+07 0.697720 0.697712 -1.842480e+07
0.300000 0.500000 0.100000 50 0.689572 0.693333 0.692959 0.692950 -1.823060e+07 0.690843 0.690834 -1.814645e+07
0.300000 0.001000 1.000000 50 0.692283 0.695238 0.697826 0.697819 -1.893480e+07 0.695498 0.695491 -1.883190e+07
0.300000 0.001500 1.000000 50 0.692312 0.696190 0.697667 0.697660 -1.892860e+07 0.695974 0.695968 -1.882543e+07
0.300000 0.010000 1.000000 50 0.694207 0.699048 0.700312 0.700305 -1.883430e+07 0.697826 0.697819 -1.872201e+07
0.300000 0.025000 1.000000 50 0.699426 0.700952 0.703857 0.703849 -1.872370e+07 0.702322 0.702315 -1.859907e+07
0.300000 0.050000 1.000000 50 0.702749 0.701905 0.708142 0.708133 -1.861540e+07 0.705232 0.705224 -1.847930e+07
0.300000 0.100000 1.000000 50 0.705694 0.709524 0.710734 0.710725 -1.850020e+07 0.707084 0.707075 -1.836312e+07
0.300000 0.500000 1.000000 50 0.701087 0.698571 0.703380 0.703371 -1.824830e+07 0.702851 0.702842 -1.810399e+07
