0.900000 0.001000 0.001000 50 0.933602 0.922911 0.937304 0.939299 -3.411650e+06 0.933113 0.935549 -3.382586e+06
0.900000 0.001500 0.001000 50 0.933602 0.922911 0.937304 0.939299 -3.410910e+06 0.933194 0.935626 -3.381853e+06
0.900000 0.010000 0.001000 50 0.932671 0.922911 0.937384 0.939394 -3.399330e+06 0.933758 0.936177 -3.370294e+06
0.900000 0.025000 0.001000 50 0.931741 0.923631 0.936820 0.938860 -3.383710e+06 0.933838 0.936295 -3.355069e+06
0.900000 0.050000 0.001000 50 0.931430 0.918588 0.936659 0.938729 -3.365230e+06 0.934000 0.936468 -3.336482e+06
0.900000 0.100000 0.001000 50 0.931430 0.922190 0.936014 0.938204 -3.340450e+06 0.934161 0.936617 -3.310961e+06
0.900000 0.500000 0.001000 50 0.930500 0.914265 0.933032 0.934871 -3.265410e+06 0.927794 0.929795 -3.234826e+06
0.900000 0.001000 0.010000 50 0.932671 0.935159 0.941655 0.943795 -3.400570e+06 0.936256 0.938766 -3.373135e+06
0.900000 0.001500 0.010000 50 0.933292 0.935159 0.941494 0.943645 -3.399830e+06 0.936417 0.938929 -3.372383e+06
0.900000 0.010000 0.010000 50 0.932982 0.932997 0.941172 0.943379 -3.388320e+06 0.936578 0.939108 -3.360799e+06
0.900000 0.025000 0.010000 50 0.933913 0.932277 0.940769 0.943022 -3.371340e+06 0.936498 0.939075 -3.343266e+06
0.900000 0.050000 0.010000 50 0.932982 0.935159 0.940527 0.942822 -3.351150e+06 0.936498 0.939061 -3.322652e+06
0.900000 0.100000 0.010000 50 0.932051 0.935159 0.940366 0.942644 -3.324680e+06 0.936578 0.939158 -3.295583e+06
0.900000 0.500000 0.010000 50 0.924294 0.930836 0.936981 0.939265 -3.248760e+06 0.934241 0.936811 -3.217806e+06
0.900000 0.001000 0.100000 50 0.932982 0.930836 0.942381 0.944367 -3.407070e+06 0.938593 0.940945 -3.374213e+06
0.900000 0.001500 0.100000 50 0.932982 0.930836 0.942219 0.944213 -3.406330e+06 0.938674 0.941021 -3.373462e+06
0.900000 0.010000 0.100000 50 0.933292 0.929395 0.942139 0.944152 -3.393850e+06 0.938835 0.941270 -3.360632e+06
0.900000 0.025000 0.100000 50 0.933602 0.931556 0.941978 0.944006 -3.377630e+06 0.938674 0.941141 -3.342725e+06
0.900000 0.050000 0.100000 50 0.934533 0.930115 0.941897 0.944012 -3.358260e+06 0.938915 0.941435 -3.322514e+06
0.900000 0.100000 0.100000 50 0.934533 0.930115 0.942058 0.944165 -3.333310e+06 0.939238 0.941696 -3.296623e+06
0.900000 0.500000 0.100000 50 0.932051 0.924352 0.936578 0.938583 -3.264750e+06 0.933919 0.936183 -3.224491e+06
0.900000 0.001000 1.000000 50 0.949736 0.943084 0.951164 0.952583 -3.404320e+06 0.950520 0.952308 -3.341934e+06
0.900000 0.001500 1.000000 50 0.949736 0.943084 0.951245 0.952658 -3.403960e+06 0.950278 0.952063 -3.341592e+06
0.900000 0.010000 1.000000 50 0.949736 0.943804 0.950923 0.952372 -3.398380e+06 0.949633 0.951509 -3.333911e+06
0.900000 0.025000 1.000000 50 0.948805 0.944524 0.950762 0.952246 -3.389920e+06 0.949311 0.951290 -3.320503e+06
0.900000 0.050000 1.000000 50 0.947875 0.941643 0.950036 0.951587 -3.378470e+06 0.947780 0.949855 -3.307327e+06
0.900000 0.100000 1.000000 50 0.943841 0.934438 0.948505 0.950217 -3.361620e+06 0.946410 0.948627 -3.288155e+06
0.900000 0.500000 1.000000 50 0.936084 0.917147 0.934322 0.936328 -3.309560e+06 0.936659 0.939442 -3.237023e+06
