0.900000 0.001000 0.001000 50 0.607610 0.648122 0.627936 0.537544 -9.687040e+05 0.612639 0.524654 -9.623038e+05
0.900000 0.001500 0.001000 50 0.607610 0.648122 0.627936 0.537515 -9.686140e+05 0.612639 0.524654 -9.622163e+05
0.900000 0.010000 0.001000 50 0.605826 0.648122 0.628245 0.537674 -9.669710e+05 0.612794 0.524681 -9.607307e+05
0.900000 0.025000 0.001000 50 0.607610 0.643950 0.627472 0.537000 -9.641670e+05 0.614493 0.529011 -9.579171e+05
0.900000 0.050000 0.001000 50 0.605826 0.642559 0.627318 0.536826 -9.596400e+05 0.614184 0.528702 -9.534379e+05
0.900000 0.100000 0.001000 50 0.608205 0.642559 0.627163 0.536437 -9.512400e+05 0.615729 0.530212 -9.451205e+05
0.900000 0.500000 0.001000 50 0.608205 0.653686 0.629944 0.536327 -9.104600e+05 0.613721 0.521882 -9.040462e+05
0.900000 0.001000 0.010000 50 0.627824 0.650904 0.640760 0.557645 -9.675290e+05 0.629172 0.550483 -9.604738e+05
0.900000 0.001500 0.010000 50 0.628419 0.653686 0.640760 0.557589 -9.672350e+05 0.629017 0.550328 -9.603790e+05
0.900000 0.010000 0.010000 50 0.629013 0.653686 0.640760 0.557503 -9.655870e+05 0.630408 0.551537 -9.584294e+05
0.900000 0.025000 0.010000 50 0.628419 0.652295 0.640606 0.557454 -9.624910e+05 0.630717 0.551705 -9.552958e+05
0.900000 0.050000 0.010000 50 0.627824 0.653686 0.640760 0.560630 -9.575370e+05 0.631180 0.552090 -9.506280e+05
0.900000 0.100000 0.010000 50 0.626635 0.664812 0.640760 0.554406 -9.485200e+05 0.631489 0.548928 -9.416186e+05
0.900000 0.500000 0.010000 50 0.637337 0.653686 0.644623 0.548996 -9.080620e+05 0.637979 0.549394 -8.998237e+05
0.900000 0.001000 0.100000 50 0.648038 0.678720 0.665173 0.582587 -9.658560e+05 0.650649 0.578835 -9.566136e+05
0.900000 0.001500 0.100000 50 0.648633 0.678720 0.665328 0.582711 -9.657630e+05 0.650803 0.578991 -9.565249e+05
0.900000 0.010000 0.100000 50 0.649227 0.681502 0.664400 0.579002 -9.634950e+05 0.653894 0.584664 -9.542232e+05
0.900000 0.025000 0.100000 50 0.652794 0.680111 0.665946 0.580621 -9.602570e+05 0.654512 0.585165 -9.510873e+05
0.900000 0.050000 0.100000 50 0.653389 0.673157 0.666255 0.580956 -9.551350e+05 0.653585 0.578641 -9.459731e+05
0.900000 0.100000 0.100000 50 0.648038 0.673157 0.668727 0.583395 -9.459000e+05 0.651422 0.576956 -9.363089e+05
0.900000 0.500000 0.100000 50 0.653983 0.656467 0.669499 0.575470 -9.072310e+05 0.652812 0.569207 -8.957194e+05
0.900000 0.001000 1.000000 50 0.717598 0.734353 0.724042 0.622585 -9.610470e+05 0.708282 0.604746 -9.475210e+05
0.900000 0.001500 1.000000 50 0.717598 0.732962 0.723888 0.622462 -9.610090e+05 0.708282 0.604746 -9.474771e+05
0.900000 0.010000 1.000000 50 0.713436 0.734353 0.723888 0.622433 -9.600530e+05 0.705810 0.602343 -9.460889e+05
0.900000 0.025000 1.000000 50 0.715815 0.731572 0.723115 0.618564 -9.581600e+05 0.705501 0.605099 -9.433870e+05
0.900000 0.050000 1.000000 50 0.717004 0.732962 0.720643 0.616437 -9.541870e+05 0.703646 0.603217 -9.384841e+05
0.900000 0.100000 1.000000 50 0.713436 0.726008 0.714153 0.610955 -9.478680e+05 0.689895 0.605684 -9.314562e+05
0.900000 0.500000 1.000000 50 0.660523 0.675939 0.675680 0.569938 -9.181080e+05 0.673671 0.588362 -8.951079e+05
