0.100000 0.001000 0.001000 50 0.906876 0.897695 0.912563 0.916361 -3.407920e+06 0.912725 0.916556 -3.379494e+06
0.100000 0.001500 0.001000 50 0.906876 0.897695 0.912563 0.916361 -3.407210e+06 0.912886 0.916718 -3.378776e+06
0.100000 0.010000 0.001000 50 0.906669 0.896974 0.912644 0.916477 -3.396020e+06 0.912886 0.916719 -3.367477e+06
0.100000 0.025000 0.001000 50 0.914847 0.902017 0.919655 0.923065 -3.381240e+06 0.914014 0.917787 -3.352854e+06
0.100000 0.050000 0.001000 50 0.911603 0.899856 0.916432 0.918999 -3.362970e+06 0.916915 0.919628 -3.334683e+06
0.100000 0.100000 0.001000 50 0.911500 0.899856 0.915062 0.917618 -3.338820e+06 0.915142 0.917719 -3.309515e+06
0.100000 0.500000 0.001000 50 0.910223 0.893372 0.914336 0.916689 -3.265220e+06 0.914175 0.916557 -3.234531e+06
0.100000 0.001000 0.010000 50 0.918918 0.911383 0.921831 0.925286 -3.397160e+06 0.922798 0.926225 -3.370479e+06
0.100000 0.001500 0.010000 50 0.918918 0.911383 0.921831 0.925286 -3.396430e+06 0.922879 0.926311 -3.369737e+06
0.100000 0.010000 0.010000 50 0.918642 0.912824 0.921428 0.924926 -3.385110e+06 0.922476 0.925915 -3.358331e+06
0.100000 0.025000 0.010000 50 0.918573 0.912824 0.921428 0.924948 -3.368500e+06 0.922556 0.926033 -3.341022e+06
0.100000 0.050000 0.010000 50 0.918711 0.912104 0.921428 0.924956 -3.348860e+06 0.922476 0.925947 -3.320771e+06
0.100000 0.100000 0.010000 50 0.918814 0.912104 0.921106 0.924674 -3.323010e+06 0.921992 0.925489 -3.294165e+06
0.100000 0.500000 0.010000 50 0.918987 0.911383 0.920944 0.924272 -3.248190e+06 0.922637 0.926038 -3.217440e+06
0.100000 0.001000 0.100000 50 0.909395 0.898415 0.913128 0.917079 -3.404740e+06 0.914095 0.918073 -3.371110e+06
0.100000 0.001500 0.100000 50 0.909257 0.898415 0.913047 0.917002 -3.404010e+06 0.914256 0.918254 -3.370370e+06
0.100000 0.010000 0.100000 50 0.909533 0.900576 0.912966 0.917017 -3.391680e+06 0.914417 0.918471 -3.357674e+06
0.100000 0.025000 0.100000 50 0.909361 0.900576 0.912725 0.916822 -3.374880e+06 0.914498 0.918628 -3.341073e+06
0.100000 0.050000 0.100000 50 0.909050 0.900576 0.912563 0.916668 -3.355900e+06 0.913369 0.917520 -3.320163e+06
0.100000 0.100000 0.100000 50 0.908326 0.899135 0.912805 0.916945 -3.331720e+06 0.911999 0.916168 -3.294835e+06
0.100000 0.500000 0.100000 50 0.917089 0.908501 0.916915 0.920366 -3.264120e+06 0.919413 0.922757 -3.224402e+06
0.100000 0.001000 1.000000 50 0.933375 0.919308 0.929728 0.932496 -3.400670e+06 0.934564 0.937381 -3.340077e+06
0.100000 0.001500 1.000000 50 0.933375 0.919308 0.929487 0.932259 -3.400260e+06 0.934564 0.937381 -3.339729e+06
0.100000 0.010000 1.000000 50 0.932961 0.920029 0.929890 0.932763 -3.395840e+06 0.934322 0.937216 -3.331865e+06
0.100000 0.025000 1.000000 50 0.933582 0.917867 0.930373 0.933256 -3.386820e+06 0.933677 0.936634 -3.318961e+06
0.100000 0.050000 1.000000 50 0.933030 0.920029 0.930131 0.933074 -3.376280e+06 0.933355 0.936339 -3.304857e+06
0.100000 0.100000 1.000000 50 0.932616 0.918588 0.929648 0.932637 -3.360970e+06 0.933516 0.936537 -3.288260e+06
0.100000 0.500000 1.000000 50 0.925612 0.899856 0.915545 0.919183 -3.310470e+06 0.923684 0.927356 -3.236762e+06
