0.500000 0.001000 0.001000 50 0.595859 0.616134 0.602750 0.517215 -9.679980e+05 0.591316 0.511210 -9.621098e+05
0.500000 0.001500 0.001000 50 0.595621 0.616134 0.602596 0.517088 -9.679100e+05 0.591316 0.511238 -9.620241e+05
0.500000 0.010000 0.001000 50 0.595026 0.613352 0.602750 0.517213 -9.662830e+05 0.592862 0.512520 -9.603291e+05
0.500000 0.025000 0.001000 50 0.594312 0.611961 0.605377 0.519424 -9.635670e+05 0.593171 0.512665 -9.575942e+05
0.500000 0.050000 0.001000 50 0.594193 0.611961 0.607540 0.518074 -9.592450e+05 0.594561 0.513783 -9.535021e+05
0.500000 0.100000 0.001000 50 0.596335 0.614743 0.607077 0.517475 -9.512370e+05 0.595952 0.511643 -9.456703e+05
0.500000 0.500000 0.001000 50 0.594788 0.618915 0.605995 0.512880 -9.123500e+05 0.591162 0.503793 -9.061506e+05
0.500000 0.001000 0.010000 50 0.605855 0.631433 0.619747 0.529185 -9.662320e+05 0.605686 0.525849 -9.599408e+05
0.500000 0.001500 0.010000 50 0.605974 0.631433 0.619747 0.529185 -9.661400e+05 0.606304 0.523283 -9.594763e+05
0.500000 0.010000 0.010000 50 0.606450 0.636996 0.620674 0.526953 -9.643680e+05 0.608313 0.522109 -9.576158e+05
0.500000 0.025000 0.010000 50 0.605498 0.636996 0.621446 0.527621 -9.615930e+05 0.608622 0.522365 -9.548682e+05
0.500000 0.050000 0.010000 50 0.606331 0.635605 0.625927 0.531654 -9.568920e+05 0.610321 0.524071 -9.501147e+05
0.500000 0.100000 0.010000 50 0.606450 0.632823 0.625927 0.535004 -9.484370e+05 0.612330 0.522879 -9.415761e+05
0.500000 0.500000 0.010000 50 0.605022 0.636996 0.624536 0.530799 -9.102190e+05 0.615111 0.525106 -9.021946e+05
0.500000 0.001000 0.100000 50 0.614661 0.635605 0.634425 0.543420 -9.633100e+05 0.623455 0.543607 -9.539167e+05
0.500000 0.001500 0.100000 50 0.615137 0.634214 0.634734 0.543732 -9.628330e+05 0.623455 0.543607 -9.538256e+05
0.500000 0.010000 0.100000 50 0.615970 0.634214 0.634425 0.543547 -9.608510e+05 0.623455 0.543757 -9.514229e+05
0.500000 0.025000 0.100000 50 0.616804 0.631433 0.635198 0.544195 -9.573260e+05 0.625309 0.545376 -9.482443e+05
0.500000 0.050000 0.100000 50 0.614185 0.631433 0.634580 0.540541 -9.525880e+05 0.626854 0.546488 -9.432257e+05
0.500000 0.100000 0.100000 50 0.615137 0.630042 0.636588 0.544809 -9.438080e+05 0.626236 0.545620 -9.342159e+05
0.500000 0.500000 0.100000 50 0.607521 0.638387 0.634116 0.542827 -9.081500e+05 0.621910 0.535603 -8.962977e+05
0.500000 0.001000 1.000000 50 0.699869 0.716273 0.709054 0.601255 -9.576520e+05 0.617429 0.600904 -9.447837e+05
0.500000 0.001500 1.000000 50 0.699512 0.716273 0.708900 0.601099 -9.576280e+05 0.616811 0.600221 -9.447507e+05
0.500000 0.010000 1.000000 50 0.701654 0.713491 0.710909 0.603060 -9.569380e+05 0.613103 0.608082 -9.435213e+05
0.500000 0.025000 1.000000 50 0.701773 0.707928 0.710754 0.602845 -9.553760e+05 0.615266 0.612989 -9.409137e+05
0.500000 0.050000 1.000000 50 0.698441 0.716273 0.704574 0.596783 -9.525670e+05 0.619747 0.611157 -9.377007e+05
0.500000 0.100000 1.000000 50 0.647507 0.695410 0.664864 0.569242 -9.475380e+05 0.621292 0.597952 -9.299766e+05
0.500000 0.500000 1.000000 50 0.677139 0.662031 0.671972 0.579279 -9.210650e+05 0.672435 0.592784 -8.941426e+05
