0.005000 0.001000 0.001000 50 0.676457 0.687143 0.678252 0.678245 -1.893220e+07 0.680527 0.680520 -1.888301e+07
0.005000 0.001500 0.001000 50 0.676375 0.687143 0.678517 0.678510 -1.892650e+07 0.680262 0.680256 -1.887734e+07
0.005000 0.010000 0.001000 50 0.677195 0.687143 0.680686 0.680679 -1.884240e+07 0.678411 0.678406 -1.879191e+07
0.005000 0.025000 0.001000 50 0.675821 0.685714 0.678517 0.678512 -1.873730e+07 0.679363 0.679358 -1.868314e+07
0.005000 0.050000 0.001000 50 0.676621 0.687619 0.680368 0.680363 -1.862920e+07 0.680950 0.680945 -1.857304e+07
0.005000 0.100000 0.001000 50 0.677236 0.686190 0.680844 0.680839 -1.850570e+07 0.680527 0.680522 -1.844701e+07
0.005000 0.500000 0.001000 50 0.667925 0.671429 0.671587 0.671578 -1.822890e+07 0.671692 0.671684 -1.816614e+07
0.005000 0.001000 0.010000 50 0.674836 0.680476 0.674866 0.674861 -1.892710e+07 0.676771 0.676765 -1.887536e+07
0.005000 0.001500 0.010000 50 0.674939 0.680952 0.674761 0.674756 -1.892140e+07 0.677194 0.677188 -1.886956e+07
0.005000 0.010000 0.010000 50 0.677749 0.681905 0.678093 0.678088 -1.883730e+07 0.680051 0.680045 -1.877820e+07
0.005000 0.025000 0.010000 50 0.680333 0.680952 0.682167 0.682160 -1.873430e+07 0.683701 0.683694 -1.867219e+07
0.005000 0.050000 0.010000 50 0.681400 0.681905 0.683913 0.683905 -1.862700e+07 0.684653 0.684646 -1.856232e+07
0.005000 0.100000 0.010000 50 0.681953 0.681429 0.684442 0.684434 -1.850280e+07 0.685129 0.685121 -1.843538e+07
0.005000 0.500000 0.010000 50 0.672375 0.674762 0.676930 0.676921 -1.821810e+07 0.677512 0.677502 -1.814656e+07
0.005000 0.001000 0.100000 50 0.677052 0.678095 0.677988 0.677982 -1.893390e+07 0.679945 0.679940 -1.886579e+07
0.005000 0.001500 0.100000 50 0.677010 0.677619 0.678464 0.678459 -1.892840e+07 0.680157 0.680151 -1.886017e+07
0.005000 0.010000 0.100000 50 0.679123 0.681905 0.681268 0.681262 -1.884080e+07 0.682431 0.682425 -1.877506e+07
0.005000 0.025000 0.100000 50 0.681953 0.682381 0.684918 0.684912 -1.874020e+07 0.685711 0.685705 -1.866517e+07
0.005000 0.050000 0.100000 50 0.683245 0.679524 0.686029 0.686022 -1.863700e+07 0.687722 0.687715 -1.855812e+07
0.005000 0.100000 0.100000 50 0.681297 0.680952 0.685288 0.685281 -1.851840e+07 0.686293 0.686286 -1.844041e+07
0.005000 0.500000 0.100000 50 0.668089 0.665238 0.673755 0.673746 -1.824390e+07 0.674020 0.674011 -1.816020e+07
0.005000 0.001000 1.000000 50 0.675226 0.677619 0.673491 0.673487 -1.893050e+07 0.675237 0.675233 -1.882453e+07
0.005000 0.001500 1.000000 50 0.674877 0.678571 0.672962 0.672958 -1.892440e+07 0.675501 0.675498 -1.881847e+07
0.005000 0.010000 1.000000 50 0.676498 0.680476 0.675924 0.675921 -1.883680e+07 0.677935 0.677932 -1.871962e+07
0.005000 0.025000 1.000000 50 0.678897 0.680476 0.677459 0.677455 -1.874580e+07 0.678305 0.678302 -1.861619e+07
0.005000 0.050000 1.000000 50 0.681010 0.684762 0.682008 0.682003 -1.866030e+07 0.682802 0.682797 -1.852028e+07
0.005000 0.100000 1.000000 50 0.679984 0.685238 0.684071 0.684066 -1.855660e+07 0.684547 0.684542 -1.841157e+07
0.005000 0.500000 1.000000 50 0.669565 0.670476 0.675290 0.675284 -1.832250e+07 0.676718 0.676713 -1.817379e+07
