0.900000 0.001000 0.001000 50 0.696797 0.698571 0.703222 0.703213 -1.896910e+07 0.695974 0.695966 -1.891068e+07
0.900000 0.001500 0.001000 50 0.696593 0.698095 0.703380 0.703371 -1.896330e+07 0.696133 0.696125 -1.890478e+07
0.900000 0.010000 0.001000 50 0.699041 0.698095 0.703857 0.703847 -1.887400e+07 0.696768 0.696759 -1.881503e+07
0.900000 0.025000 0.001000 50 0.701081 0.696190 0.703645 0.703635 -1.876160e+07 0.697879 0.697870 -1.870416e+07
0.900000 0.050000 0.001000 50 0.699653 0.692857 0.704386 0.704376 -1.864510e+07 0.698037 0.698029 -1.858783e+07
0.900000 0.100000 0.001000 50 0.698633 0.690000 0.702375 0.702365 -1.851090e+07 0.697297 0.697287 -1.845046e+07
0.900000 0.500000 0.001000 50 0.686799 0.684762 0.695022 0.695011 -1.821650e+07 0.689838 0.689827 -1.815578e+07
0.900000 0.001000 0.010000 50 0.701081 0.708571 0.708459 0.708450 -1.896010e+07 0.703063 0.703055 -1.889878e+07
0.900000 0.001500 0.010000 50 0.701694 0.708571 0.708618 0.708608 -1.895440e+07 0.703222 0.703213 -1.889368e+07
0.900000 0.010000 0.010000 50 0.702714 0.712857 0.708459 0.708449 -1.886820e+07 0.703222 0.703213 -1.880541e+07
0.900000 0.025000 0.010000 50 0.703734 0.715714 0.708353 0.708343 -1.875870e+07 0.703116 0.703107 -1.869631e+07
0.900000 0.050000 0.010000 50 0.703122 0.714286 0.708036 0.708026 -1.864230e+07 0.702957 0.702948 -1.857968e+07
0.900000 0.100000 0.010000 50 0.699653 0.709048 0.707454 0.707444 -1.850910e+07 0.703063 0.703054 -1.844555e+07
0.900000 0.500000 0.010000 50 0.695368 0.706667 0.702269 0.702259 -1.822350e+07 0.697667 0.697657 -1.815767e+07
0.900000 0.001000 0.100000 50 0.700877 0.703333 0.708988 0.708979 -1.896580e+07 0.699889 0.699881 -1.889221e+07
0.900000 0.001500 0.100000 50 0.701285 0.703333 0.709041 0.709032 -1.895990e+07 0.700101 0.700092 -1.888626e+07
0.900000 0.010000 0.100000 50 0.702714 0.705714 0.709358 0.709349 -1.886820e+07 0.701952 0.701944 -1.879380e+07
0.900000 0.025000 0.100000 50 0.703122 0.704286 0.709834 0.709825 -1.874970e+07 0.703486 0.703477 -1.867070e+07
0.900000 0.050000 0.100000 50 0.701285 0.700000 0.710363 0.710354 -1.862990e+07 0.702798 0.702790 -1.855015e+07
0.900000 0.100000 0.100000 50 0.699857 0.695238 0.708353 0.708343 -1.849640e+07 0.701688 0.701678 -1.841573e+07
0.900000 0.500000 0.100000 50 0.688635 0.690952 0.700365 0.700354 -1.821400e+07 0.695604 0.695593 -1.812727e+07
0.900000 0.001000 1.000000 50 0.710059 0.720952 0.723748 0.723736 -1.896730e+07 0.713114 0.713104 -1.885238e+07
0.900000 0.001500 1.000000 50 0.710263 0.720952 0.723959 0.723948 -1.896070e+07 0.713220 0.713210 -1.884572e+07
0.900000 0.010000 1.000000 50 0.710467 0.722381 0.725017 0.725005 -1.886230e+07 0.713749 0.713740 -1.874034e+07
0.900000 0.025000 1.000000 50 0.712916 0.721429 0.723324 0.723313 -1.874600e+07 0.714437 0.714428 -1.861237e+07
0.900000 0.050000 1.000000 50 0.711896 0.719524 0.722425 0.722414 -1.863420e+07 0.716077 0.716067 -1.850050e+07
0.900000 0.100000 1.000000 50 0.714752 0.718571 0.721261 0.721250 -1.851550e+07 0.715072 0.715062 -1.837652e+07
0.900000 0.500000 1.000000 50 0.708223 0.708571 0.712268 0.712256 -1.825480e+07 0.710681 0.710669 -1.811623e+07
