0.700000 0.001000 0.001000 50 0.692198 0.694286 0.698513 0.698505 -1.895820e+07 0.692430 0.692422 -1.890317e+07
0.700000 0.001500 0.001000 50 0.692266 0.694286 0.698619 0.698611 -1.895240e+07 0.692641 0.692634 -1.889733e+07
0.700000 0.010000 0.001000 50 0.693558 0.694286 0.698461 0.698452 -1.886420e+07 0.694017 0.694009 -1.880850e+07
0.700000 0.025000 0.001000 50 0.694170 0.694286 0.699360 0.699351 -1.875330e+07 0.694493 0.694485 -1.869875e+07
0.700000 0.050000 0.001000 50 0.693694 0.690952 0.699995 0.699986 -1.863880e+07 0.694652 0.694644 -1.857987e+07
0.700000 0.100000 0.001000 50 0.691586 0.691905 0.698672 0.698663 -1.850680e+07 0.694334 0.694326 -1.844770e+07
0.700000 0.500000 0.001000 50 0.683627 0.684762 0.690631 0.690621 -1.821590e+07 0.686663 0.686653 -1.815546e+07
0.700000 0.001000 0.010000 50 0.695395 0.711905 0.703909 0.703901 -1.894920e+07 0.699730 0.699722 -1.889145e+07
0.700000 0.001500 0.010000 50 0.695463 0.711905 0.703962 0.703954 -1.894360e+07 0.699836 0.699828 -1.888640e+07
0.700000 0.010000 0.010000 50 0.696347 0.712857 0.705073 0.705065 -1.885800e+07 0.699995 0.699987 -1.879858e+07
0.700000 0.025000 0.010000 50 0.695667 0.711905 0.705920 0.705911 -1.875010e+07 0.699942 0.699934 -1.869062e+07
0.700000 0.050000 0.010000 50 0.694647 0.713333 0.704862 0.704853 -1.863570e+07 0.700418 0.700409 -1.856980e+07
0.700000 0.100000 0.010000 50 0.693898 0.710000 0.704703 0.704694 -1.850510e+07 0.700735 0.700727 -1.843746e+07
0.700000 0.500000 0.010000 50 0.691654 0.704762 0.699466 0.699456 -1.822290e+07 0.696239 0.696230 -1.815732e+07
0.700000 0.001000 0.100000 50 0.694783 0.709048 0.700365 0.700357 -1.895660e+07 0.693858 0.693852 -1.888706e+07
0.700000 0.001500 0.100000 50 0.694783 0.709048 0.700524 0.700516 -1.895110e+07 0.693911 0.693904 -1.888162e+07
0.700000 0.010000 0.100000 50 0.693830 0.702857 0.701529 0.701521 -1.886560e+07 0.694017 0.694010 -1.879377e+07
0.700000 0.025000 0.100000 50 0.694511 0.703810 0.702375 0.702367 -1.875140e+07 0.694281 0.694275 -1.868152e+07
0.700000 0.050000 0.100000 50 0.693354 0.704286 0.702058 0.702050 -1.863470e+07 0.694863 0.694856 -1.855722e+07
0.700000 0.100000 0.100000 50 0.694307 0.708571 0.703010 0.703002 -1.850370e+07 0.695604 0.695596 -1.842416e+07
0.700000 0.500000 0.100000 50 0.691450 0.701905 0.697297 0.697288 -1.822950e+07 0.693117 0.693109 -1.814260e+07
0.700000 0.001000 1.000000 50 0.703898 0.718571 0.717241 0.717231 -1.895400e+07 0.707560 0.707551 -1.884308e+07
0.700000 0.001500 1.000000 50 0.704238 0.720000 0.717399 0.717389 -1.894760e+07 0.708036 0.708027 -1.883657e+07
0.700000 0.010000 1.000000 50 0.706619 0.720476 0.720362 0.720351 -1.885030e+07 0.709041 0.709032 -1.873147e+07
0.700000 0.025000 1.000000 50 0.707571 0.718571 0.718669 0.718659 -1.873670e+07 0.711157 0.711148 -1.860559e+07
0.700000 0.050000 1.000000 50 0.709340 0.716190 0.718828 0.718817 -1.863150e+07 0.711792 0.711783 -1.849467e+07
0.700000 0.100000 1.000000 50 0.708659 0.712857 0.716394 0.716384 -1.851120e+07 0.711580 0.711571 -1.837280e+07
0.700000 0.500000 1.000000 50 0.700292 0.706667 0.710469 0.710458 -1.825480e+07 0.708988 0.708977 -1.811557e+07
