0.300000 0.001000 0.001000 50 0.579261 0.600834 0.588690 0.515368 -9.667820e+05 0.576174 0.504981 -9.610219e+05
0.300000 0.001500 0.001000 50 0.579431 0.600834 0.588690 0.515368 -9.666960e+05 0.576174 0.504981 -9.609378e+05
0.300000 0.010000 0.001000 50 0.580450 0.602225 0.589771 0.513290 -9.649490e+05 0.578337 0.507002 -9.592517e+05
0.300000 0.025000 0.001000 50 0.581215 0.602225 0.589771 0.513167 -9.624250e+05 0.580037 0.508322 -9.565530e+05
0.300000 0.050000 0.001000 50 0.581215 0.599444 0.588226 0.508604 -9.582260e+05 0.581119 0.509116 -9.525395e+05
0.300000 0.100000 0.001000 50 0.582320 0.603616 0.588844 0.505944 -9.505350e+05 0.580810 0.508864 -9.446650e+05
0.300000 0.500000 0.001000 50 0.584190 0.602225 0.589617 0.502868 -9.123570e+05 0.579110 0.503381 -9.060717e+05
0.300000 0.001000 0.010000 50 0.589970 0.589708 0.604913 0.519246 -9.653380e+05 0.593943 0.512388 -9.588288e+05
0.300000 0.001500 0.010000 50 0.589970 0.589708 0.604913 0.519252 -9.652470e+05 0.594098 0.512512 -9.587384e+05
0.300000 0.010000 0.010000 50 0.590905 0.588317 0.604604 0.519150 -9.634950e+05 0.597342 0.518496 -9.568824e+05
0.300000 0.025000 0.010000 50 0.591755 0.592490 0.604759 0.519312 -9.607470e+05 0.597806 0.522034 -9.541616e+05
0.300000 0.050000 0.010000 50 0.592520 0.600834 0.606922 0.521227 -9.561110e+05 0.598578 0.522773 -9.494391e+05
0.300000 0.100000 0.010000 50 0.593455 0.599444 0.611248 0.524707 -9.478160e+05 0.601205 0.525001 -9.410006e+05
0.300000 0.500000 0.010000 50 0.594645 0.609179 0.612948 0.525984 -9.101440e+05 0.602596 0.516683 -9.021364e+05
0.300000 0.001000 0.100000 50 0.604845 0.616134 0.616038 0.538553 -9.622010e+05 0.611403 0.531853 -9.534233e+05
0.300000 0.001500 0.100000 50 0.604845 0.616134 0.615884 0.538426 -9.621060e+05 0.611712 0.532227 -9.528363e+05
0.300000 0.010000 0.100000 50 0.606460 0.616134 0.615266 0.538184 -9.597200e+05 0.610630 0.531348 -9.508331e+05
0.300000 0.025000 0.100000 50 0.605610 0.620306 0.615420 0.538259 -9.564970e+05 0.611712 0.535394 -9.476212e+05
0.300000 0.050000 0.100000 50 0.606630 0.618915 0.618201 0.534679 -9.514860e+05 0.611403 0.535160 -9.425885e+05
0.300000 0.100000 0.100000 50 0.607055 0.621697 0.617429 0.539942 -9.431400e+05 0.612021 0.535598 -9.336640e+05
0.300000 0.500000 0.100000 50 0.601955 0.632823 0.618511 0.531301 -9.084890e+05 0.611867 0.534840 -8.965115e+05
0.300000 0.001000 1.000000 50 0.703102 0.710709 0.703646 0.593904 -9.567860e+05 0.692058 0.591144 -9.428282e+05
0.300000 0.001500 1.000000 50 0.703102 0.710709 0.703801 0.594031 -9.567620e+05 0.691749 0.590829 -9.427996e+05
0.300000 0.010000 1.000000 50 0.703017 0.706537 0.703028 0.593264 -9.561120e+05 0.689740 0.588800 -9.416853e+05
0.300000 0.025000 1.000000 50 0.700807 0.705146 0.701947 0.592126 -9.546920e+05 0.690358 0.588932 -9.391234e+05
0.300000 0.050000 1.000000 50 0.696643 0.699583 0.703028 0.598426 -9.517830e+05 0.689431 0.587767 -9.354292e+05
0.300000 0.100000 1.000000 50 0.692733 0.696801 0.691595 0.593327 -9.465350e+05 0.686959 0.588172 -9.287079e+05
0.300000 0.500000 1.000000 50 0.671738 0.663421 0.660538 0.568511 -9.206190e+05 0.658993 0.582992 -8.935234e+05
