0.005000 0.001000 0.001000 50 0.907806 0.895533 0.908856 0.911812 -3.403490e+06 0.909501 0.912465 -3.374840e+06
0.005000 0.001500 0.001000 50 0.907837 0.896254 0.908937 0.911898 -3.402830e+06 0.909662 0.912637 -3.374176e+06
0.005000 0.010000 0.001000 50 0.908367 0.898415 0.909421 0.912501 -3.392240e+06 0.911677 0.914842 -3.364074e+06
0.005000 0.025000 0.001000 50 0.909304 0.900576 0.911435 0.914731 -3.377690e+06 0.912563 0.915859 -3.349459e+06
0.005000 0.050000 0.001000 50 0.909272 0.899856 0.911596 0.914962 -3.359410e+06 0.913208 0.916631 -3.330241e+06
0.005000 0.100000 0.001000 50 0.908555 0.901297 0.910952 0.914336 -3.333980e+06 0.912402 0.915892 -3.304914e+06
0.005000 0.500000 0.001000 50 0.903187 0.896254 0.907567 0.910848 -3.259800e+06 0.909824 0.913345 -3.228739e+06
0.005000 0.001000 0.010000 50 0.906901 0.895533 0.909582 0.913947 -3.396990e+06 0.909501 0.913821 -3.370305e+06
0.005000 0.001500 0.010000 50 0.906744 0.895533 0.909501 0.913871 -3.396310e+06 0.909421 0.913743 -3.369615e+06
0.005000 0.010000 0.010000 50 0.906713 0.894092 0.909501 0.913872 -3.385320e+06 0.909259 0.913609 -3.358083e+06
0.005000 0.025000 0.010000 50 0.905746 0.894092 0.908292 0.912760 -3.370470e+06 0.908131 0.912548 -3.342909e+06
0.005000 0.050000 0.010000 50 0.904466 0.895533 0.907164 0.911664 -3.351700e+06 0.907084 0.911533 -3.323286e+06
0.005000 0.100000 0.010000 50 0.902812 0.894092 0.904747 0.909326 -3.327380e+06 0.905714 0.910113 -3.298331e+06
0.005000 0.500000 0.010000 50 0.897631 0.886888 0.902571 0.906550 -3.255840e+06 0.902168 0.906173 -3.224799e+06
0.005000 0.001000 0.100000 50 0.915764 0.912104 0.920219 0.924059 -3.402220e+06 0.920219 0.923974 -3.368995e+06
0.005000 0.001500 0.100000 50 0.916014 0.912104 0.920542 0.924370 -3.400470e+06 0.920139 0.923897 -3.368296e+06
0.005000 0.010000 0.100000 50 0.916170 0.912824 0.919736 0.923614 -3.388420e+06 0.919816 0.923608 -3.356031e+06
0.005000 0.025000 0.100000 50 0.915702 0.909942 0.919333 0.923276 -3.372580e+06 0.919736 0.923555 -3.338621e+06
0.005000 0.050000 0.100000 50 0.914079 0.909942 0.917640 0.921667 -3.352650e+06 0.918849 0.922741 -3.318741e+06
0.005000 0.100000 0.100000 50 0.910022 0.906340 0.913611 0.916666 -3.327160e+06 0.915062 0.918052 -3.291818e+06
0.005000 0.500000 0.100000 50 0.904029 0.897695 0.905311 0.908496 -3.259270e+06 0.907084 0.910227 -3.220275e+06
0.005000 0.001000 1.000000 50 0.928092 0.913545 0.924893 0.928138 -3.401000e+06 0.928842 0.932190 -3.339573e+06
0.005000 0.001500 1.000000 50 0.928092 0.912824 0.924974 0.928217 -3.400880e+06 0.928842 0.932190 -3.339323e+06
0.005000 0.010000 1.000000 50 0.927999 0.913545 0.924249 0.927496 -3.398730e+06 0.929003 0.932398 -3.333554e+06
0.005000 0.025000 1.000000 50 0.928030 0.912104 0.924410 0.927753 -3.391920e+06 0.928681 0.932081 -3.322782e+06
0.005000 0.050000 1.000000 50 0.927312 0.908501 0.922637 0.925997 -3.383390e+06 0.927956 0.931395 -3.308122e+06
0.005000 0.100000 1.000000 50 0.925096 0.906340 0.921589 0.925034 -3.369210e+06 0.926102 0.929635 -3.291166e+06
0.005000 0.500000 1.000000 50 0.907337 0.873199 0.893706 0.898087 -3.323100e+06 0.907084 0.911335 -3.247630e+06
