0.010000 0.001000 0.001000 50 0.536418 0.547983 0.540482 0.477155 -9.664170e+05 0.541564 0.478108 -9.612691e+05
0.010000 0.001500 0.001000 50 0.536599 0.547983 0.540637 0.477279 -9.663310e+05 0.541718 0.478234 -9.611824e+05
0.010000 0.010000 0.001000 50 0.535577 0.547983 0.542027 0.481576 -9.646630e+05 0.539864 0.479707 -9.593910e+05
0.010000 0.025000 0.001000 50 0.535697 0.547983 0.541409 0.484065 -9.619260e+05 0.542182 0.481541 -9.565630e+05
0.010000 0.050000 0.001000 50 0.537560 0.549374 0.541409 0.484102 -9.578130e+05 0.540791 0.480301 -9.521909e+05
0.010000 0.100000 0.001000 50 0.537019 0.561892 0.542027 0.484773 -9.501420e+05 0.544654 0.483628 -9.443686e+05
0.010000 0.500000 0.001000 50 0.537380 0.554937 0.546044 0.485534 -9.132850e+05 0.544654 0.481017 -9.062216e+05
0.010000 0.001000 0.010000 50 0.561599 0.570236 0.573393 0.492101 -9.660690e+05 0.578492 0.496130 -9.595374e+05
0.010000 0.001500 0.010000 50 0.561659 0.570236 0.573548 0.492228 -9.659800e+05 0.578337 0.496038 -9.594491e+05
0.010000 0.010000 0.010000 50 0.559075 0.563282 0.571384 0.490468 -9.642360e+05 0.577719 0.495547 -9.575937e+05
0.010000 0.025000 0.010000 50 0.560096 0.568846 0.573702 0.489394 -9.615600e+05 0.578956 0.496680 -9.549251e+05
0.010000 0.050000 0.010000 50 0.558173 0.566064 0.571075 0.487404 -9.569880e+05 0.577410 0.495511 -9.502318e+05
0.010000 0.100000 0.010000 50 0.552103 0.563282 0.565204 0.482878 -9.487240e+05 0.574166 0.492961 -9.418007e+05
0.010000 0.500000 0.010000 50 0.564002 0.577191 0.580501 0.495444 -9.113170e+05 0.582664 0.496934 -9.027945e+05
0.010000 0.001000 0.100000 50 0.571214 0.570236 0.574629 0.511699 -9.614230e+05 0.585136 0.520553 -9.526822e+05
0.010000 0.001500 0.100000 50 0.570132 0.566064 0.573548 0.510633 -9.609080e+05 0.583900 0.519513 -9.521204e+05
0.010000 0.010000 0.100000 50 0.569531 0.568846 0.573548 0.510404 -9.589500e+05 0.583591 0.519085 -9.501431e+05
0.010000 0.025000 0.100000 50 0.569591 0.564673 0.573857 0.510718 -9.558280e+05 0.582046 0.517617 -9.469982e+05
0.010000 0.050000 0.100000 50 0.569291 0.566064 0.573548 0.510377 -9.510340e+05 0.582664 0.518181 -9.420809e+05
0.010000 0.100000 0.100000 50 0.572897 0.563282 0.578337 0.511576 -9.428590e+05 0.585600 0.520830 -9.334035e+05
0.010000 0.500000 0.100000 50 0.577404 0.591099 0.586990 0.512598 -9.101660e+05 0.589771 0.521252 -8.975107e+05
0.010000 0.001000 1.000000 50 0.590805 0.574409 0.591471 0.596299 -9.554240e+05 0.589153 0.606817 -9.460674e+05
0.010000 0.001500 1.000000 50 0.590925 0.574409 0.591471 0.596299 -9.554120e+05 0.589308 0.606987 -9.453947e+05
0.010000 0.010000 1.000000 50 0.592248 0.571627 0.593016 0.597588 -9.548620e+05 0.594098 0.605053 -9.399786e+05
0.010000 0.025000 1.000000 50 0.592909 0.574409 0.593016 0.600727 -9.536060e+05 0.593016 0.607177 -9.397569e+05
0.010000 0.050000 1.000000 50 0.593630 0.579972 0.592089 0.597011 -9.501330e+05 0.593634 0.607780 -9.341161e+05
0.010000 0.100000 1.000000 50 0.588762 0.582754 0.587454 0.590178 -9.458090e+05 0.589617 0.604412 -9.259905e+05
0.010000 0.500000 1.000000 50 0.559675 0.559110 0.557787 0.582733 -9.251520e+05 0.555624 0.578442 -8.949566e+05
