0.300000 0.001000 0.001000 50 0.912700 0.909222 0.919010 0.921653 -3.405200e+06 0.915787 0.918540 -3.376877e+06
0.300000 0.001500 0.001000 50 0.912700 0.909222 0.919172 0.921825 -3.404520e+06 0.915868 0.918623 -3.376191e+06
0.300000 0.010000 0.001000 50 0.913321 0.907781 0.919736 0.922459 -3.393530e+06 0.916270 0.919109 -3.365764e+06
0.300000 0.025000 0.001000 50 0.913099 0.909942 0.920461 0.923239 -3.378080e+06 0.916673 0.919569 -3.350367e+06
0.300000 0.050000 0.001000 50 0.913144 0.912104 0.919897 0.922710 -3.359800e+06 0.916270 0.919249 -3.331960e+06
0.300000 0.100000 0.001000 50 0.913055 0.910663 0.918446 0.921224 -3.335350e+06 0.916754 0.919735 -3.306632e+06
0.300000 0.500000 0.001000 50 0.913543 0.902017 0.916593 0.919397 -3.261750e+06 0.914336 0.917203 -3.231732e+06
0.300000 0.001000 0.010000 50 0.923213 0.919308 0.926908 0.930076 -3.396600e+06 0.925135 0.928431 -3.369736e+06
0.300000 0.001500 0.010000 50 0.923169 0.919308 0.926988 0.930162 -3.395880e+06 0.925054 0.928364 -3.368157e+06
0.300000 0.010000 0.010000 50 0.922637 0.920029 0.927230 0.930443 -3.384720e+06 0.924732 0.928078 -3.356907e+06
0.300000 0.025000 0.010000 50 0.922504 0.919308 0.926586 0.929841 -3.368640e+06 0.924571 0.927930 -3.340970e+06
0.300000 0.050000 0.010000 50 0.922238 0.922190 0.925941 0.929225 -3.349450e+06 0.924651 0.928040 -3.320504e+06
0.300000 0.100000 0.010000 50 0.921794 0.919308 0.925457 0.928735 -3.324100e+06 0.924249 0.927666 -3.294567e+06
0.300000 0.500000 0.010000 50 0.921217 0.914986 0.922073 0.924701 -3.252030e+06 0.922153 0.924999 -3.220506e+06
0.300000 0.001000 0.100000 50 0.929690 0.925072 0.933032 0.935580 -3.403550e+06 0.931340 0.934061 -3.369821e+06
0.300000 0.001500 0.100000 50 0.929734 0.925072 0.933032 0.935589 -3.402810e+06 0.931179 0.933909 -3.369064e+06
0.300000 0.010000 0.100000 50 0.930222 0.925072 0.932871 0.935449 -3.390370e+06 0.931260 0.934061 -3.356225e+06
0.300000 0.025000 0.100000 50 0.929734 0.925793 0.932791 0.935471 -3.373210e+06 0.932468 0.935292 -3.339491e+06
0.300000 0.050000 0.100000 50 0.930222 0.927954 0.932952 0.935672 -3.353880e+06 0.931824 0.934710 -3.318084e+06
0.300000 0.100000 0.100000 50 0.929557 0.925072 0.932468 0.935203 -3.329180e+06 0.931985 0.934888 -3.292122e+06
0.300000 0.500000 0.100000 50 0.924189 0.917147 0.926908 0.929672 -3.262450e+06 0.928681 0.931478 -3.222785e+06
0.300000 0.001000 1.000000 50 0.939715 0.930115 0.937142 0.939420 -3.405050e+06 0.938835 0.941477 -3.343764e+06
0.300000 0.001500 1.000000 50 0.939760 0.931556 0.936659 0.938930 -3.404070e+06 0.938835 0.941477 -3.343167e+06
0.300000 0.010000 1.000000 50 0.940026 0.930836 0.936981 0.939272 -3.396160e+06 0.939157 0.941822 -3.329886e+06
0.300000 0.025000 1.000000 50 0.939626 0.931556 0.936498 0.938898 -3.385460e+06 0.938351 0.941075 -3.317634e+06
0.300000 0.050000 1.000000 50 0.938739 0.927233 0.936820 0.939302 -3.374770e+06 0.938109 0.940924 -3.304593e+06
0.300000 0.100000 1.000000 50 0.937808 0.925072 0.936256 0.938839 -3.360420e+06 0.936981 0.939875 -3.288058e+06
0.300000 0.500000 1.000000 50 0.933372 0.906340 0.923120 0.926071 -3.314060e+06 0.931824 0.935185 -3.241857e+06
