0.900000 0.001000 0.001000 50 0.927397 0.925072 0.936175 0.938137 -3.407310e+06 0.931098 0.933491 -3.377767e+06
0.900000 0.001500 0.001000 50 0.927397 0.925072 0.936175 0.938137 -3.406610e+06 0.931018 0.933416 -3.377062e+06
0.900000 0.010000 0.001000 50 0.927397 0.926513 0.936820 0.938783 -3.395510e+06 0.931421 0.933830 -3.365919e+06
0.900000 0.025000 0.001000 50 0.928328 0.926513 0.936175 0.938166 -3.379880e+06 0.931340 0.933743 -3.350792e+06
0.900000 0.050000 0.001000 50 0.928948 0.925793 0.935369 0.937460 -3.360950e+06 0.931260 0.933708 -3.331202e+06
0.900000 0.100000 0.001000 50 0.929569 0.925072 0.934886 0.937061 -3.335260e+06 0.929890 0.932488 -3.305268e+06
0.900000 0.500000 0.001000 50 0.927707 0.925072 0.934886 0.936738 -3.259200e+06 0.928439 0.930709 -3.228584e+06
0.900000 0.001000 0.010000 50 0.930189 0.928674 0.938271 0.940594 -3.400170e+06 0.932468 0.935281 -3.372383e+06
0.900000 0.001500 0.010000 50 0.930189 0.928674 0.938351 0.940680 -3.399440e+06 0.932468 0.935281 -3.371663e+06
0.900000 0.010000 0.010000 50 0.930189 0.928674 0.937304 0.939665 -3.388460e+06 0.932227 0.935029 -3.360625e+06
0.900000 0.025000 0.010000 50 0.929879 0.929395 0.936981 0.939353 -3.372470e+06 0.931663 0.934525 -3.344912e+06
0.900000 0.050000 0.010000 50 0.930189 0.928674 0.936578 0.938944 -3.353460e+06 0.931501 0.934378 -3.324748e+06
0.900000 0.100000 0.010000 50 0.929879 0.927233 0.936578 0.938945 -3.328270e+06 0.930937 0.933793 -3.299111e+06
0.900000 0.500000 0.010000 50 0.929569 0.921470 0.933838 0.936015 -3.254810e+06 0.930293 0.932665 -3.223822e+06
0.900000 0.001000 0.100000 50 0.935774 0.933718 0.943670 0.945784 -3.404850e+06 0.940930 0.943204 -3.371176e+06
0.900000 0.001500 0.100000 50 0.935774 0.933718 0.943670 0.945789 -3.404110e+06 0.941011 0.943279 -3.370435e+06
0.900000 0.010000 0.100000 50 0.935464 0.934438 0.943992 0.946136 -3.391440e+06 0.940769 0.943161 -3.357724e+06
0.900000 0.025000 0.100000 50 0.936705 0.934438 0.944315 0.946454 -3.373900e+06 0.940366 0.942833 -3.340804e+06
0.900000 0.050000 0.100000 50 0.936084 0.934438 0.943186 0.945395 -3.354230e+06 0.941494 0.943944 -3.319181e+06
0.900000 0.100000 0.100000 50 0.936395 0.934438 0.942381 0.944601 -3.328370e+06 0.939560 0.942049 -3.292021e+06
0.900000 0.500000 0.100000 50 0.930810 0.926513 0.938029 0.939780 -3.257520e+06 0.935128 0.937012 -3.218426e+06
0.900000 0.001000 1.000000 50 0.948185 0.942363 0.951809 0.953287 -3.405480e+06 0.947699 0.949880 -3.345832e+06
0.900000 0.001500 1.000000 50 0.948185 0.942363 0.951809 0.953287 -3.405220e+06 0.947780 0.949966 -3.345343e+06
0.900000 0.010000 1.000000 50 0.949116 0.944524 0.950278 0.951645 -3.398930e+06 0.947780 0.949942 -3.335052e+06
0.900000 0.025000 1.000000 50 0.948495 0.941643 0.949553 0.950935 -3.390080e+06 0.947135 0.949392 -3.320511e+06
0.900000 0.050000 1.000000 50 0.946634 0.939481 0.949230 0.950703 -3.379390e+06 0.946893 0.949181 -3.305989e+06
0.900000 0.100000 1.000000 50 0.945703 0.935879 0.949795 0.951292 -3.363670e+06 0.946893 0.949257 -3.287239e+06
0.900000 0.500000 1.000000 50 0.939808 0.921470 0.940366 0.941670 -3.316040e+06 0.941575 0.944051 -3.243207e+06
