0.900000 0.001000 0.001000 50 0.929258 0.922190 0.935450 0.937619 -3.406350e+06 0.930131 0.932558 -3.377413e+06
0.900000 0.001500 0.001000 50 0.928948 0.922190 0.935369 0.937544 -3.405630e+06 0.930212 0.932635 -3.376687e+06
0.900000 0.010000 0.001000 50 0.929258 0.923631 0.935853 0.938034 -3.394570e+06 0.930937 0.933387 -3.365088e+06
0.900000 0.025000 0.001000 50 0.930500 0.922911 0.935934 0.938147 -3.378520e+06 0.930615 0.933116 -3.349485e+06
0.900000 0.050000 0.001000 50 0.930810 0.922190 0.935531 0.937819 -3.359390e+06 0.931340 0.933879 -3.329612e+06
0.900000 0.100000 0.001000 50 0.930500 0.920029 0.935934 0.938223 -3.333190e+06 0.931421 0.933957 -3.303591e+06
0.900000 0.500000 0.001000 50 0.930810 0.919308 0.932388 0.934440 -3.257300e+06 0.929406 0.931939 -3.226711e+06
0.900000 0.001000 0.010000 50 0.936084 0.933718 0.942542 0.944536 -3.399320e+06 0.938754 0.941168 -3.372000e+06
0.900000 0.001500 0.010000 50 0.937015 0.933718 0.942945 0.944945 -3.398230e+06 0.938835 0.941245 -3.371232e+06
0.900000 0.010000 0.010000 50 0.937325 0.932277 0.943509 0.945462 -3.386310e+06 0.939802 0.942187 -3.358499e+06
0.900000 0.025000 0.010000 50 0.937015 0.932277 0.943670 0.945599 -3.369030e+06 0.940044 0.942412 -3.341471e+06
0.900000 0.050000 0.010000 50 0.936395 0.930836 0.943831 0.945838 -3.348570e+06 0.940608 0.942947 -3.319751e+06
0.900000 0.100000 0.010000 50 0.937015 0.930115 0.943912 0.945924 -3.322230e+06 0.940769 0.943114 -3.292690e+06
0.900000 0.500000 0.010000 50 0.935154 0.927233 0.939802 0.941786 -3.248080e+06 0.938593 0.940776 -3.217158e+06
0.900000 0.001000 0.100000 50 0.934843 0.930115 0.943267 0.945357 -3.404410e+06 0.938674 0.941285 -3.372519e+06
0.900000 0.001500 0.100000 50 0.934843 0.930836 0.943348 0.945468 -3.403640e+06 0.938754 0.941364 -3.370574e+06
0.900000 0.010000 0.100000 50 0.935464 0.930115 0.943348 0.945524 -3.390510e+06 0.939318 0.941941 -3.357141e+06
0.900000 0.025000 0.100000 50 0.936084 0.930836 0.943509 0.945698 -3.372690e+06 0.938432 0.941113 -3.339817e+06
0.900000 0.050000 0.100000 50 0.935774 0.930115 0.944234 0.946370 -3.352820e+06 0.939076 0.941745 -3.318211e+06
0.900000 0.100000 0.100000 50 0.936395 0.930115 0.943831 0.946053 -3.327480e+06 0.940446 0.943051 -3.291857e+06
0.900000 0.500000 0.100000 50 0.930810 0.925072 0.938512 0.939928 -3.259310e+06 0.935934 0.937440 -3.220356e+06
0.900000 0.001000 1.000000 50 0.948495 0.937320 0.950842 0.952362 -3.407590e+06 0.949392 0.951311 -3.344806e+06
0.900000 0.001500 1.000000 50 0.948495 0.938040 0.950842 0.952364 -3.407230e+06 0.949392 0.951311 -3.344327e+06
0.900000 0.010000 1.000000 50 0.950047 0.937320 0.949553 0.951092 -3.400240e+06 0.949069 0.951021 -3.332840e+06
0.900000 0.025000 1.000000 50 0.950047 0.935879 0.949392 0.950935 -3.389240e+06 0.948747 0.950765 -3.315787e+06
0.900000 0.050000 1.000000 50 0.949426 0.938040 0.949150 0.950640 -3.375160e+06 0.947780 0.949865 -3.299379e+06
0.900000 0.100000 1.000000 50 0.945392 0.934438 0.947860 0.949487 -3.358300e+06 0.946813 0.948993 -3.280818e+06
0.900000 0.500000 1.000000 50 0.944151 0.917867 0.937787 0.939484 -3.308270e+06 0.943992 0.946435 -3.233391e+06
