0.010000 0.001000 0.001000 50 0.557091 0.577191 0.564122 0.487673 -9.660910e+05 0.567058 0.486699 -9.605397e+05
0.010000 0.001500 0.001000 50 0.555048 0.574409 0.562268 0.486108 -9.658110e+05 0.567213 0.486826 -9.604502e+05
0.010000 0.010000 0.001000 50 0.547236 0.567455 0.551761 0.477661 -9.638040e+05 0.565977 0.485773 -9.586750e+05
0.010000 0.025000 0.001000 50 0.534796 0.547983 0.537237 0.466301 -9.593830e+05 0.565204 0.485156 -9.557686e+05
0.010000 0.050000 0.001000 50 0.534916 0.536857 0.537237 0.463248 -9.549840e+05 0.561496 0.485389 -9.510912e+05
0.010000 0.100000 0.001000 50 0.539603 0.550765 0.541564 0.466794 -9.472470e+05 0.538782 0.464059 -9.411439e+05
0.010000 0.500000 0.001000 50 0.565144 0.573018 0.574011 0.494487 -9.114220e+05 0.576174 0.496452 -9.042645e+05
0.010000 0.001000 0.010000 50 0.530529 0.531293 0.528894 0.470040 -9.624370e+05 0.537392 0.473806 -9.560882e+05
0.010000 0.001500 0.010000 50 0.530409 0.532684 0.528739 0.469915 -9.623530e+05 0.537546 0.473929 -9.560020e+05
0.010000 0.010000 0.010000 50 0.518990 0.518776 0.519932 0.465856 -9.597360e+05 0.531675 0.469139 -9.539164e+05
0.010000 0.025000 0.010000 50 0.521875 0.521558 0.522095 0.467552 -9.571490e+05 0.523486 0.462311 -9.504689e+05
0.010000 0.050000 0.010000 50 0.520613 0.527121 0.522095 0.467649 -9.527410e+05 0.525185 0.463788 -9.459608e+05
0.010000 0.100000 0.010000 50 0.523858 0.532684 0.526112 0.477234 -9.449050e+05 0.531057 0.468914 -9.378504e+05
0.010000 0.500000 0.010000 50 0.552704 0.570236 0.553925 0.486583 -9.091610e+05 0.555779 0.494157 -9.003552e+05
0.010000 0.001000 0.100000 50 0.586058 0.593880 0.587145 0.516798 -9.631700e+05 0.581737 0.514997 -9.539224e+05
0.010000 0.001500 0.100000 50 0.585877 0.592490 0.587608 0.517237 -9.630770e+05 0.581737 0.514994 -9.538306e+05
0.010000 0.010000 0.100000 50 0.577945 0.586926 0.580964 0.511688 -9.605280e+05 0.570766 0.509142 -9.508176e+05
0.010000 0.025000 0.100000 50 0.574639 0.579972 0.578956 0.510082 -9.568850e+05 0.570766 0.509397 -9.476208e+05
0.010000 0.050000 0.100000 50 0.573438 0.561892 0.575711 0.509739 -9.520540e+05 0.566749 0.502108 -9.429422e+05
0.010000 0.100000 0.100000 50 0.578305 0.568846 0.581273 0.513819 -9.437900e+05 0.569839 0.513565 -9.339405e+05
0.010000 0.500000 0.100000 50 0.591887 0.606398 0.606768 0.526409 -9.100780e+05 0.601205 0.521206 -8.969841e+05
0.010000 0.001000 1.000000 50 0.542728 0.527121 0.547281 0.574549 -9.568120e+05 0.546199 0.573590 -9.444811e+05
0.010000 0.001500 1.000000 50 0.542668 0.527121 0.547281 0.574549 -9.567720e+05 0.546199 0.573594 -9.444275e+05
0.010000 0.010000 1.000000 50 0.542849 0.528512 0.548671 0.572687 -9.556260e+05 0.546663 0.574032 -9.427307e+05
0.010000 0.025000 1.000000 50 0.544291 0.527121 0.549289 0.570276 -9.529890e+05 0.549598 0.576572 -9.396478e+05
0.010000 0.050000 1.000000 50 0.546274 0.529903 0.550834 0.571719 -9.501790e+05 0.551761 0.575256 -9.339980e+05
0.010000 0.100000 1.000000 50 0.553425 0.543811 0.561959 0.581126 -9.458580e+05 0.561187 0.576915 -9.257102e+05
0.010000 0.500000 1.000000 50 0.557272 0.563282 0.563350 0.560621 -9.286510e+05 0.556551 0.566169 -9.022522e+05
