0.700000 0.001000 0.001000 50 0.694647 0.704762 0.702322 0.702314 -1.895030e+07 0.697879 0.697871 -1.889527e+07
0.700000 0.100000 0.010000 50 0.695259 0.699048 0.701740 0.701731 -1.852390e+07 0.697614 0.697605 -1.846499e+07
0.700000 0.500000 0.010000 50 0.686892 0.687143 0.695763 0.695752 -1.823400e+07 0.691901 0.691891 -1.817873e+07
0.700000 0.001000 0.100000 50 0.699816 0.708571 0.706290 0.706281 -1.895140e+07 0.701582 0.701573 -1.888100e+07
0.700000 0.001500 0.100000 50 0.700088 0.708095 0.706607 0.706598 -1.894550e+07 0.701635 0.701626 -1.887506e+07
0.700000 0.010000 0.100000 50 0.700973 0.709524 0.707983 0.707973 -1.885490e+07 0.702375 0.702366 -1.878326e+07
0.700000 0.025000 0.100000 50 0.702945 0.710952 0.708671 0.708660 -1.873980e+07 0.702798 0.702788 -1.866954e+07
0.700000 0.050000 0.100000 50 0.704646 0.713333 0.709094 0.709082 -1.862590e+07 0.703539 0.703528 -1.854791e+07
0.700000 0.100000 0.100000 50 0.703149 0.707619 0.708988 0.708976 -1.849890e+07 0.704333 0.704321 -1.841842e+07
0.700000 0.010000 0.010000 50 0.700497 0.707619 0.706607 0.706597 -1.884390e+07 0.701370 0.701361 -1.877741e+07
0.700000 0.025000 0.010000 50 0.702673 0.708571 0.707189 0.707179 -1.873280e+07 0.702851 0.702841 -1.865930e+07
0.700000 0.050000 0.010000 50 0.704578 0.710952 0.709041 0.709029 -1.861610e+07 0.703486 0.703475 -1.854289e+07
0.700000 0.100000 0.010000 50 0.703081 0.704762 0.708142 0.708130 -1.849090e+07 0.704068 0.704057 -1.841317e+07
0.700000 0.500000 0.010000 50 0.695327 0.700000 0.703539 0.703526 -1.821540e+07 0.700735 0.700722 -1.813344e+07
0.700000 0.001000 0.100000 50 0.700565 0.710476 0.705338 0.705329 -1.895510e+07 0.699042 0.699034 -1.889123e+07
0.700000 0.001500 0.100000 50 0.700565 0.710000 0.705391 0.705382 -1.894900e+07 0.699942 0.699933 -1.887993e+07
0.700000 0.010000 0.100000 50 0.700020 0.709524 0.707031 0.707021 -1.885520e+07 0.701264 0.701256 -1.878462e+07
0.700000 0.025000 0.100000 50 0.700701 0.711429 0.707242 0.707233 -1.873630e+07 0.701793 0.701784 -1.866752e+07
0.700000 0.050000 0.100000 50 0.700905 0.715714 0.709200 0.709190 -1.862090e+07 0.703380 0.703371 -1.854370e+07
0.700000 0.100000 0.100000 50 0.701177 0.714762 0.709676 0.709666 -1.849090e+07 0.703909 0.703900 -1.841171e+07
0.700000 0.500000 0.100000 50 0.694987 0.699524 0.700947 0.700938 -1.821490e+07 0.697191 0.697183 -1.812901e+07
0.700000 0.001000 1.000000 50 0.703354 0.718095 0.715918 0.715908 -1.895350e+07 0.707401 0.707392 -1.884343e+07
0.700000 0.001500 1.000000 50 0.703354 0.718571 0.715654 0.715644 -1.894720e+07 0.707189 0.707181 -1.883701e+07
0.700000 0.010000 1.000000 50 0.703898 0.715714 0.717664 0.717653 -1.885220e+07 0.707877 0.707868 -1.873475e+07
0.700000 0.025000 1.000000 50 0.705598 0.716667 0.718881 0.718870 -1.874060e+07 0.710258 0.710248 -1.861510e+07
0.700000 0.050000 1.000000 50 0.707979 0.719048 0.719410 0.719398 -1.863650e+07 0.710945 0.710935 -1.850405e+07
0.700000 0.100000 1.000000 50 0.707367 0.720000 0.718616 0.718604 -1.851790e+07 0.713167 0.713156 -1.838067e+07
0.700000 0.500000 1.000000 50 0.702333 0.711429 0.712374 0.712362 -1.826700e+07 0.710416 0.710405 -1.812972e+07
