0.200000 0.001000 0.001000 50 0.917278 0.907781 0.920864 0.923943 -3.403890e+06 0.918930 0.922044 -3.375035e+06
0.200000 0.001500 0.001000 50 0.917200 0.907781 0.920864 0.923943 -3.403170e+06 0.918849 0.921969 -3.374313e+06
0.200000 0.010000 0.001000 50 0.917200 0.907061 0.920219 0.923364 -3.391770e+06 0.919010 0.922150 -3.362792e+06
0.200000 0.025000 0.001000 50 0.917822 0.905620 0.920461 0.923643 -3.375990e+06 0.918607 0.921800 -3.347365e+06
0.200000 0.050000 0.001000 50 0.917938 0.905620 0.919897 0.923100 -3.357200e+06 0.918769 0.922043 -3.327759e+06
0.200000 0.100000 0.001000 50 0.917938 0.906340 0.920783 0.923967 -3.331510e+06 0.918769 0.922143 -3.302125e+06
0.200000 0.500000 0.001000 50 0.917278 0.904899 0.918124 0.921325 -3.256850e+06 0.917237 0.920511 -3.226222e+06
0.200000 0.001000 0.010000 50 0.926517 0.917147 0.929164 0.932103 -3.396680e+06 0.927956 0.931058 -3.369821e+06
0.200000 0.001500 0.010000 50 0.926556 0.917147 0.929084 0.932026 -3.395930e+06 0.927875 0.930981 -3.369066e+06
0.200000 0.010000 0.010000 50 0.926594 0.918588 0.929970 0.932940 -3.383920e+06 0.927794 0.930941 -3.356445e+06
0.200000 0.025000 0.010000 50 0.926866 0.918588 0.929728 0.932707 -3.367460e+06 0.928358 0.931517 -3.339695e+06
0.200000 0.050000 0.010000 50 0.927759 0.917867 0.929728 0.932695 -3.347150e+06 0.928278 0.931404 -3.318363e+06
0.200000 0.100000 0.010000 50 0.928225 0.918588 0.929890 0.932841 -3.321330e+06 0.929084 0.932214 -3.291792e+06
0.200000 0.500000 0.010000 50 0.926362 0.917867 0.929245 0.931793 -3.247990e+06 0.930534 0.933250 -3.216225e+06
0.200000 0.001000 0.100000 50 0.923683 0.908501 0.928681 0.931812 -3.401550e+06 0.928600 0.931853 -3.370238e+06
0.200000 0.001500 0.100000 50 0.923761 0.908501 0.928681 0.931814 -3.400790e+06 0.928439 0.931703 -3.368274e+06
0.200000 0.010000 0.100000 50 0.923916 0.909942 0.927956 0.931211 -3.387950e+06 0.928117 0.931397 -3.356063e+06
0.200000 0.025000 0.100000 50 0.922208 0.907061 0.925296 0.927691 -3.370200e+06 0.925135 0.927539 -3.337485e+06
0.200000 0.050000 0.100000 50 0.922519 0.907781 0.925860 0.928179 -3.350530e+06 0.924329 0.926721 -3.316021e+06
0.200000 0.100000 0.100000 50 0.922519 0.907061 0.925699 0.928012 -3.325820e+06 0.925216 0.927694 -3.290223e+06
0.200000 0.500000 0.100000 50 0.922014 0.908501 0.921750 0.923643 -3.258200e+06 0.923040 0.925108 -3.219802e+06
0.200000 0.001000 1.000000 50 0.935600 0.917147 0.930695 0.933431 -3.404080e+06 0.935611 0.938449 -3.342391e+06
0.200000 0.001500 1.000000 50 0.935523 0.917147 0.930534 0.933279 -3.403730e+06 0.935772 0.938604 -3.341873e+06
0.200000 0.010000 1.000000 50 0.935989 0.919308 0.930695 0.933413 -3.397380e+06 0.936175 0.939015 -3.330191e+06
0.200000 0.025000 1.000000 50 0.936066 0.917867 0.931098 0.933870 -3.386470e+06 0.935611 0.938518 -3.313331e+06
0.200000 0.050000 1.000000 50 0.936183 0.916427 0.930695 0.933428 -3.372700e+06 0.934967 0.937941 -3.297104e+06
0.200000 0.100000 1.000000 50 0.936105 0.915706 0.931421 0.934256 -3.356140e+06 0.935208 0.938221 -3.278920e+06
0.200000 0.500000 1.000000 50 0.930981 0.904899 0.921025 0.924166 -3.310230e+06 0.929164 0.932593 -3.232854e+06
