0.050000 0.001000 0.001000 50 0.559404 0.566064 0.557015 0.479890 -9.642500e+05 0.558560 0.478434 -9.586601e+05
0.050000 0.001500 0.001000 50 0.559592 0.566064 0.557015 0.479890 -9.641640e+05 0.558405 0.478310 -9.585744e+05
0.050000 0.010000 0.001000 50 0.557274 0.559110 0.557015 0.479705 -9.624260e+05 0.557942 0.477874 -9.568751e+05
0.050000 0.025000 0.001000 50 0.557775 0.557719 0.557633 0.480024 -9.598760e+05 0.557169 0.480044 -9.541280e+05
0.050000 0.050000 0.001000 50 0.559153 0.563282 0.557787 0.479914 -9.556260e+05 0.558096 0.480610 -9.500045e+05
0.050000 0.100000 0.001000 50 0.560343 0.563282 0.559642 0.481086 -9.478880e+05 0.556551 0.479067 -9.421774e+05
0.050000 0.500000 0.001000 50 0.566606 0.584145 0.566131 0.489319 -9.108270e+05 0.560878 0.484646 -9.041367e+05
0.050000 0.001000 0.010000 50 0.583954 0.586926 0.584518 0.498869 -9.640290e+05 0.582509 0.491636 -9.575168e+05
0.050000 0.001500 0.010000 50 0.583892 0.586926 0.584363 0.498745 -9.639360e+05 0.582818 0.491919 -9.574240e+05
0.050000 0.010000 0.010000 50 0.583453 0.584145 0.585600 0.499703 -9.621080e+05 0.582355 0.497604 -9.554656e+05
0.050000 0.025000 0.010000 50 0.584455 0.584145 0.586681 0.500680 -9.591220e+05 0.583745 0.498689 -9.526932e+05
0.050000 0.050000 0.010000 50 0.585332 0.592490 0.586681 0.500442 -9.546310e+05 0.582973 0.497865 -9.478501e+05
0.050000 0.100000 0.010000 50 0.584769 0.588317 0.586527 0.497301 -9.462400e+05 0.582973 0.497854 -9.392045e+05
0.050000 0.500000 0.010000 50 0.583892 0.599444 0.589771 0.509246 -9.090820e+05 0.592553 0.502935 -9.003433e+05
0.050000 0.001000 0.100000 50 0.585144 0.574409 0.586990 0.515079 -9.617970e+05 0.585754 0.520418 -9.525764e+05
0.050000 0.001500 0.100000 50 0.584142 0.568846 0.585909 0.514266 -9.612970e+05 0.584209 0.515992 -9.519900e+05
0.050000 0.010000 0.100000 50 0.584769 0.568846 0.586527 0.514887 -9.593540e+05 0.583127 0.515155 -9.500151e+05
0.050000 0.025000 0.100000 50 0.586021 0.567455 0.587299 0.518592 -9.562130e+05 0.582046 0.511351 -9.468551e+05
0.050000 0.050000 0.100000 50 0.586961 0.566064 0.588999 0.520049 -9.513940e+05 0.584672 0.513760 -9.419162e+05
0.050000 0.100000 0.100000 50 0.585270 0.570236 0.588381 0.516683 -9.429410e+05 0.587763 0.513114 -9.330431e+05
0.050000 0.500000 0.100000 50 0.593161 0.586926 0.606459 0.524383 -9.093600e+05 0.602750 0.527701 -8.963306e+05
0.050000 0.001000 1.000000 50 0.566543 0.577191 0.570766 0.578389 -9.569080e+05 0.573548 0.575856 -9.417830e+05
0.050000 0.001500 1.000000 50 0.566982 0.577191 0.570766 0.578389 -9.568780e+05 0.573393 0.575700 -9.417459e+05
0.050000 0.010000 1.000000 50 0.566418 0.575800 0.570921 0.578531 -9.561600e+05 0.573548 0.575859 -9.399655e+05
0.050000 0.025000 1.000000 50 0.566919 0.577191 0.571075 0.578577 -9.540270e+05 0.574629 0.579578 -9.368214e+05
0.050000 0.050000 1.000000 50 0.567921 0.573018 0.572466 0.582598 -9.498560e+05 0.575093 0.579921 -9.313778e+05
0.050000 0.100000 1.000000 50 0.563976 0.564673 0.569221 0.579703 -9.452210e+05 0.572157 0.574429 -9.253969e+05
0.050000 0.500000 1.000000 50 0.571742 0.578581 0.584518 0.595437 -9.218160e+05 0.578028 0.574047 -8.934635e+05
