0.005000 0.001000 0.001000 50 0.521613 0.536937 0.514517 0.502108 -3.734080e+06 0.517875 0.505311 -3.702353e+06
0.005000 0.001500 0.001000 50 0.524525 0.536937 0.518072 0.505752 -3.732630e+06 0.521627 0.509042 -3.700132e+06
0.005000 0.010000 0.001000 50 0.538780 0.551351 0.539206 0.525331 -3.717390e+06 0.543551 0.529467 -3.684997e+06
0.005000 0.025000 0.001000 50 0.541922 0.551351 0.541576 0.527265 -3.704190e+06 0.548094 0.533644 -3.671474e+06
0.005000 0.050000 0.001000 50 0.544681 0.549550 0.542366 0.527886 -3.692500e+06 0.550662 0.535628 -3.659739e+06
0.005000 0.100000 0.001000 50 0.547057 0.553153 0.549477 0.534341 -3.678570e+06 0.550859 0.535619 -3.645546e+06
0.005000 0.500000 0.001000 50 0.513335 0.517117 0.513925 0.498664 -3.641750e+06 0.515110 0.499716 -3.608516e+06
0.005000 0.001000 0.010000 50 0.491110 0.502703 0.496741 0.485040 -3.732700e+06 0.497729 0.485500 -3.695452e+06
0.005000 0.001500 0.010000 50 0.489117 0.500901 0.495951 0.484132 -3.730360e+06 0.497136 0.484927 -3.692287e+06
0.005000 0.010000 0.010000 50 0.496475 0.511712 0.502469 0.489810 -3.712870e+06 0.502469 0.489815 -3.676280e+06
0.005000 0.025000 0.010000 50 0.499080 0.515315 0.503851 0.491144 -3.699030e+06 0.501086 0.488643 -3.661039e+06
0.005000 0.050000 0.010000 50 0.499923 0.517117 0.507802 0.494767 -3.686410e+06 0.502469 0.489557 -3.648428e+06
0.005000 0.100000 0.010000 50 0.499540 0.517117 0.508592 0.495232 -3.672440e+06 0.506419 0.492924 -3.634099e+06
0.005000 0.500000 0.010000 50 0.481453 0.504505 0.484100 0.470649 -3.636360e+06 0.484890 0.471590 -3.597874e+06
0.005000 0.001000 0.100000 50 0.585684 0.592793 0.590361 0.577113 -3.743840e+06 0.592139 0.578461 -3.699867e+06
0.005000 0.001500 0.100000 50 0.585300 0.587387 0.590954 0.577664 -3.742100e+06 0.594312 0.580455 -3.698064e+06
0.005000 0.010000 0.100000 50 0.580319 0.576577 0.590559 0.577095 -3.726430e+06 0.591942 0.578097 -3.680957e+06
0.005000 0.025000 0.100000 50 0.570815 0.560360 0.580683 0.567374 -3.714160e+06 0.584041 0.570208 -3.667889e+06
0.005000 0.050000 0.100000 50 0.566524 0.569369 0.578116 0.564570 -3.701910e+06 0.576931 0.562936 -3.655294e+06
0.005000 0.100000 0.100000 50 0.556407 0.569369 0.574758 0.560922 -3.689090e+06 0.569228 0.555446 -3.641690e+06
0.005000 0.500000 0.100000 50 0.514792 0.540541 0.523405 0.509483 -3.656600e+06 0.523998 0.509933 -3.608615e+06
0.005000 0.001000 1.000000 50 0.536251 0.563964 0.535651 0.521920 -3.746100e+06 0.530120 0.517235 -3.669624e+06
0.005000 0.001500 1.000000 50 0.535178 0.553153 0.535256 0.521399 -3.745010e+06 0.530516 0.517482 -3.668705e+06
0.005000 0.010000 1.000000 50 0.524831 0.558559 0.527158 0.512616 -3.733510e+06 0.530318 0.516064 -3.655831e+06
0.005000 0.025000 1.000000 50 0.522456 0.562162 0.528738 0.513113 -3.723620e+06 0.528145 0.513771 -3.648131e+06
0.005000 0.050000 1.000000 50 0.525598 0.560360 0.533281 0.518447 -3.716270e+06 0.528540 0.514936 -3.641596e+06
0.005000 0.100000 1.000000 50 0.523299 0.553153 0.528738 0.514373 -3.708010e+06 0.534466 0.521095 -3.634840e+06
0.005000 0.500000 1.000000 50 0.526901 0.533333 0.532491 0.517556 -3.686430e+06 0.539996 0.526175 -3.614608e+06
