0.005000 0.001000 0.001000 50 0.499310 0.518919 0.498716 0.486864 -3.734570e+06 0.486273 0.474827 -3.700790e+06
0.005000 0.001500 0.001000 50 0.500307 0.522523 0.499506 0.487603 -3.732880e+06 0.490223 0.478715 -3.698483e+06
0.005000 0.010000 0.001000 50 0.514178 0.524324 0.514912 0.502886 -3.717060e+06 0.505629 0.494144 -3.683852e+06
0.005000 0.025000 0.001000 50 0.518394 0.538739 0.517282 0.504829 -3.703810e+06 0.505629 0.493773 -3.671037e+06
0.005000 0.050000 0.001000 50 0.519620 0.527928 0.519455 0.506645 -3.690960e+06 0.517480 0.504471 -3.657681e+06
0.005000 0.100000 0.001000 50 0.518547 0.527928 0.515505 0.502798 -3.676380e+06 0.514715 0.501824 -3.643210e+06
0.005000 0.500000 0.001000 50 0.492949 0.511712 0.494173 0.481170 -3.638660e+06 0.485680 0.472453 -3.605035e+06
0.005000 0.001000 0.010000 50 0.500766 0.511712 0.501481 0.491781 -3.735960e+06 0.505234 0.495410 -3.697836e+06
0.005000 0.001500 0.010000 50 0.500996 0.511712 0.501679 0.492007 -3.734110e+06 0.509184 0.499247 -3.695963e+06
0.005000 0.010000 0.010000 50 0.515098 0.533333 0.524590 0.514143 -3.718230e+06 0.521035 0.510434 -3.680185e+06
0.005000 0.025000 0.010000 50 0.521306 0.538739 0.530713 0.519813 -3.704750e+06 0.527158 0.515756 -3.666878e+06
0.005000 0.050000 0.010000 50 0.518853 0.529730 0.524590 0.513622 -3.692300e+06 0.522813 0.511153 -3.654552e+06
0.005000 0.100000 0.010000 50 0.513105 0.527928 0.520640 0.508868 -3.677930e+06 0.518862 0.507232 -3.640042e+06
0.005000 0.500000 0.010000 50 0.469651 0.491892 0.478965 0.467158 -3.642930e+06 0.479755 0.467790 -3.604103e+06
0.005000 0.001000 0.100000 50 0.562308 0.569369 0.565475 0.548207 -3.737050e+06 0.567055 0.550128 -3.691917e+06
0.005000 0.001500 0.100000 50 0.562845 0.576577 0.565870 0.548582 -3.737100e+06 0.567055 0.550042 -3.690585e+06
0.005000 0.010000 0.100000 50 0.561695 0.578378 0.572783 0.555681 -3.721000e+06 0.572190 0.554867 -3.672367e+06
0.005000 0.025000 0.100000 50 0.559549 0.567568 0.571203 0.554116 -3.709150e+06 0.577918 0.560765 -3.661025e+06
0.005000 0.050000 0.100000 50 0.553878 0.562162 0.569228 0.552803 -3.699190e+06 0.568438 0.551713 -3.650139e+06
0.005000 0.100000 0.100000 50 0.545294 0.560360 0.562907 0.547022 -3.686460e+06 0.563895 0.547769 -3.636953e+06
0.005000 0.500000 0.100000 50 0.497701 0.491892 0.511554 0.497743 -3.653420e+06 0.518270 0.504474 -3.603844e+06
0.005000 0.001000 1.000000 50 0.571275 0.583784 0.575746 0.558067 -3.744930e+06 0.573573 0.555387 -3.663262e+06
0.005000 0.001500 1.000000 50 0.570586 0.581982 0.575548 0.558053 -3.744470e+06 0.573968 0.555808 -3.662411e+06
0.005000 0.010000 1.000000 50 0.559856 0.563964 0.567450 0.550139 -3.735890e+06 0.568240 0.550418 -3.652350e+06
0.005000 0.025000 1.000000 50 0.557557 0.563964 0.563895 0.546689 -3.726970e+06 0.567253 0.549650 -3.643296e+06
0.005000 0.050000 1.000000 50 0.560239 0.547748 0.567450 0.550521 -3.719410e+06 0.569228 0.551971 -3.630789e+06
0.005000 0.100000 1.000000 50 0.566140 0.560360 0.571400 0.554808 -3.709690e+06 0.579301 0.562346 -3.623225e+06
0.005000 0.500000 1.000000 50 0.559090 0.531532 0.543946 0.529006 -3.688140e+06 0.570215 0.554306 -3.606372e+06
