0.200000 0.001000 0.001000 50 0.917511 0.904899 0.920783 0.922843 -3.404630e+06 0.918688 0.920879 -3.376143e+06
0.200000 0.001500 0.001000 50 0.917589 0.905620 0.920783 0.922843 -3.403910e+06 0.918769 0.920990 -3.375411e+06
0.200000 0.010000 0.001000 50 0.917744 0.904179 0.920944 0.923041 -3.392450e+06 0.919655 0.921824 -3.364364e+06
0.200000 0.025000 0.001000 50 0.917278 0.906340 0.920783 0.923005 -3.376780e+06 0.919575 0.921896 -3.348423e+06
0.200000 0.050000 0.001000 50 0.917006 0.904899 0.920300 0.922577 -3.358460e+06 0.918769 0.921194 -3.329845e+06
0.200000 0.100000 0.001000 50 0.916851 0.902738 0.920219 0.922531 -3.334270e+06 0.919333 0.921784 -3.304662e+06
0.200000 0.500000 0.001000 50 0.914444 0.901297 0.915868 0.917861 -3.261060e+06 0.916109 0.918206 -3.230230e+06
0.200000 0.001000 0.010000 50 0.917589 0.909222 0.923604 0.926842 -3.398000e+06 0.920380 0.923800 -3.370972e+06
0.200000 0.001500 0.010000 50 0.917472 0.909222 0.923604 0.926842 -3.397300e+06 0.920380 0.923800 -3.370255e+06
0.200000 0.010000 0.010000 50 0.917899 0.909222 0.922959 0.926272 -3.385880e+06 0.920622 0.924121 -3.358213e+06
0.200000 0.025000 0.010000 50 0.918016 0.909222 0.922153 0.925494 -3.369950e+06 0.920944 0.924468 -3.342035e+06
0.200000 0.050000 0.010000 50 0.917899 0.908501 0.921831 0.925212 -3.349840e+06 0.920783 0.924326 -3.321016e+06
0.200000 0.100000 0.010000 50 0.917200 0.907781 0.921750 0.925213 -3.324110e+06 0.920864 0.924443 -3.294663e+06
0.200000 0.500000 0.010000 50 0.915454 0.906340 0.918446 0.921880 -3.250780e+06 0.917157 0.920772 -3.219241e+06
0.200000 0.001000 0.100000 50 0.922907 0.910663 0.926263 0.929431 -3.403200e+06 0.925941 0.929341 -3.369403e+06
0.200000 0.001500 0.100000 50 0.922984 0.910663 0.926344 0.929517 -3.402470e+06 0.926021 0.929419 -3.368671e+06
0.200000 0.010000 0.100000 50 0.922790 0.910663 0.926344 0.929545 -3.389770e+06 0.926505 0.929910 -3.355635e+06
0.200000 0.025000 0.100000 50 0.922713 0.909942 0.926183 0.929400 -3.372570e+06 0.926102 0.929610 -3.338767e+06
0.200000 0.050000 0.100000 50 0.922480 0.911383 0.926183 0.929413 -3.353500e+06 0.925135 0.928728 -3.317566e+06
0.200000 0.100000 0.100000 50 0.923062 0.912104 0.925619 0.928949 -3.329300e+06 0.924893 0.928470 -3.292019e+06
0.200000 0.500000 0.100000 50 0.920578 0.904899 0.923201 0.926141 -3.262630e+06 0.923846 0.926827 -3.221444e+06
0.200000 0.001000 1.000000 50 0.935600 0.919308 0.931260 0.934065 -3.402820e+06 0.934483 0.937410 -3.340365e+06
0.200000 0.001500 1.000000 50 0.935600 0.920029 0.931421 0.934219 -3.402440e+06 0.934322 0.937256 -3.340008e+06
0.200000 0.010000 1.000000 50 0.935678 0.919308 0.931179 0.933977 -3.396200e+06 0.934241 0.937185 -3.329921e+06
0.200000 0.025000 1.000000 50 0.935290 0.919308 0.930695 0.933561 -3.386700e+06 0.933838 0.936834 -3.317953e+06
0.200000 0.050000 1.000000 50 0.934824 0.922911 0.930695 0.933521 -3.375060e+06 0.930534 0.932635 -3.302237e+06
0.200000 0.100000 1.000000 50 0.932029 0.917147 0.928520 0.930659 -3.359030e+06 0.930373 0.932544 -3.283570e+06
0.200000 0.500000 1.000000 50 0.925313 0.900576 0.917318 0.919600 -3.311970e+06 0.924329 0.926790 -3.236082e+06
