0.100000 0.001000 0.001000 50 0.633398 0.646847 0.637764 0.630068 -3.726430e+06 0.640924 0.633223 -3.694753e+06
0.100000 0.001500 0.001000 50 0.634246 0.646847 0.638357 0.630651 -3.724910e+06 0.639344 0.631685 -3.693257e+06
0.100000 0.010000 0.001000 50 0.635855 0.655856 0.642109 0.633822 -3.710280e+06 0.649220 0.640436 -3.678335e+06
0.100000 0.025000 0.001000 50 0.644497 0.650450 0.652578 0.643533 -3.697310e+06 0.655738 0.646826 -3.664835e+06
0.100000 0.050000 0.001000 50 0.648818 0.648649 0.654750 0.644827 -3.685150e+06 0.659095 0.649569 -3.652616e+06
0.100000 0.100000 0.001000 50 0.649665 0.652252 0.663441 0.653207 -3.671140e+06 0.663046 0.652635 -3.638201e+06
0.100000 0.500000 0.001000 50 0.635686 0.634234 0.643294 0.632445 -3.631760e+06 0.647837 0.636102 -3.597421e+06
0.100000 0.001000 0.010000 50 0.651445 0.663063 0.665613 0.655421 -3.728010e+06 0.663836 0.652480 -3.694100e+06
0.100000 0.001500 0.010000 50 0.650597 0.664865 0.667193 0.656847 -3.726070e+06 0.664626 0.653429 -3.692224e+06
0.100000 0.010000 0.010000 50 0.654240 0.664865 0.669563 0.658809 -3.709800e+06 0.669959 0.658227 -3.675703e+06
0.100000 0.025000 0.010000 50 0.656528 0.672072 0.672329 0.661088 -3.696890e+06 0.673514 0.661312 -3.662113e+06
0.100000 0.050000 0.010000 50 0.657629 0.673874 0.671539 0.660053 -3.684480e+06 0.673909 0.661479 -3.649131e+06
0.100000 0.100000 0.010000 50 0.659409 0.664865 0.676081 0.664643 -3.669970e+06 0.675686 0.662889 -3.633931e+06
0.100000 0.500000 0.010000 50 0.635940 0.652252 0.653960 0.640994 -3.631310e+06 0.656133 0.642562 -3.593806e+06
0.100000 0.001000 0.100000 50 0.654410 0.645045 0.668971 0.657398 -3.733070e+06 0.669959 0.657142 -3.690052e+06
0.100000 0.001500 0.100000 50 0.654325 0.646847 0.667588 0.655970 -3.731700e+06 0.669959 0.658690 -3.687456e+06
0.100000 0.010000 0.100000 50 0.656020 0.654054 0.668576 0.656686 -3.714890e+06 0.676476 0.664466 -3.669745e+06
0.100000 0.025000 0.100000 50 0.661018 0.655856 0.670749 0.658241 -3.701480e+06 0.675291 0.662736 -3.657273e+06
0.100000 0.050000 0.100000 50 0.661950 0.652252 0.672724 0.660342 -3.689450e+06 0.675094 0.662410 -3.644672e+06
0.100000 0.100000 0.100000 50 0.660256 0.643243 0.674896 0.661988 -3.677100e+06 0.678056 0.665465 -3.630620e+06
0.100000 0.500000 0.100000 50 0.637211 0.627027 0.655935 0.642848 -3.642190e+06 0.652973 0.639159 -3.593379e+06
0.100000 0.001000 1.000000 50 0.649920 0.648649 0.657120 0.646530 -3.733580e+06 0.655145 0.643642 -3.660121e+06
0.100000 0.001500 1.000000 50 0.650513 0.650450 0.656330 0.645726 -3.732450e+06 0.655145 0.643545 -3.658978e+06
0.100000 0.010000 1.000000 50 0.649581 0.657658 0.668576 0.657696 -3.721770e+06 0.641122 0.629974 -3.647408e+06
0.100000 0.025000 1.000000 50 0.654325 0.650450 0.673514 0.662404 -3.713600e+06 0.646455 0.635181 -3.638605e+06
0.100000 0.050000 1.000000 50 0.655342 0.648649 0.673909 0.662428 -3.706020e+06 0.653565 0.642614 -3.629480e+06
0.100000 0.100000 1.000000 50 0.652885 0.657658 0.676279 0.664330 -3.697230e+06 0.659885 0.648972 -3.621529e+06
0.100000 0.500000 1.000000 50 0.659832 0.646847 0.657120 0.644781 -3.676110e+06 0.682204 0.668611 -3.602572e+06
