0.200000 0.001000 0.001000 50 0.643504 0.650450 0.663638 0.654346 -3.729250e+06 0.653368 0.643149 -3.698358e+06
0.200000 0.001500 0.001000 50 0.644552 0.648649 0.665021 0.655271 -3.727640e+06 0.655540 0.645220 -3.696557e+06
0.200000 0.010000 0.001000 50 0.647507 0.650450 0.666798 0.658164 -3.711190e+06 0.660280 0.650501 -3.679143e+06
0.200000 0.025000 0.001000 50 0.647507 0.641441 0.670354 0.661856 -3.697880e+06 0.663441 0.653500 -3.665324e+06
0.200000 0.050000 0.001000 50 0.651130 0.645045 0.670354 0.661166 -3.685090e+06 0.668773 0.657944 -3.652445e+06
0.200000 0.100000 0.001000 50 0.652369 0.650450 0.669563 0.659484 -3.670170e+06 0.668773 0.658454 -3.637325e+06
0.200000 0.500000 0.001000 50 0.644171 0.625225 0.652775 0.641358 -3.630210e+06 0.656725 0.644244 -3.596108e+06
0.200000 0.001000 0.010000 50 0.668096 0.684685 0.677661 0.668484 -3.727790e+06 0.671934 0.661839 -3.692928e+06
0.200000 0.001500 0.010000 50 0.669145 0.682883 0.676674 0.667352 -3.726110e+06 0.673119 0.662826 -3.691224e+06
0.200000 0.010000 0.010000 50 0.672767 0.686486 0.682007 0.672147 -3.709890e+06 0.677859 0.667682 -3.674325e+06
0.200000 0.025000 0.010000 50 0.671433 0.690090 0.680427 0.670222 -3.696180e+06 0.676476 0.665734 -3.660259e+06
0.200000 0.050000 0.010000 50 0.671433 0.693694 0.678452 0.668144 -3.683260e+06 0.676674 0.665739 -3.647001e+06
0.200000 0.100000 0.010000 50 0.669240 0.681081 0.675489 0.664361 -3.668460e+06 0.674501 0.662907 -3.631961e+06
0.200000 0.500000 0.010000 50 0.659804 0.670270 0.665218 0.653105 -3.629420e+06 0.666008 0.653005 -3.591731e+06
0.200000 0.001000 0.100000 50 0.667334 0.677477 0.668773 0.660031 -3.730890e+06 0.660873 0.651651 -3.688934e+06
0.200000 0.001500 0.100000 50 0.668001 0.684685 0.671144 0.662074 -3.729160e+06 0.663046 0.653676 -3.687178e+06
0.200000 0.010000 0.100000 50 0.668287 0.693694 0.676476 0.667590 -3.712980e+06 0.670946 0.661711 -3.669678e+06
0.200000 0.025000 0.100000 50 0.667048 0.682883 0.678649 0.669928 -3.699820e+06 0.676279 0.666984 -3.655690e+06
0.200000 0.050000 0.100000 50 0.665428 0.681081 0.679834 0.671270 -3.687390e+06 0.674304 0.665043 -3.642620e+06
0.200000 0.100000 0.100000 50 0.664474 0.673874 0.676674 0.668646 -3.674090e+06 0.675686 0.666487 -3.627927e+06
0.200000 0.500000 0.100000 50 0.654656 0.673874 0.662848 0.653916 -3.638640e+06 0.666206 0.656837 -3.590919e+06
0.200000 0.001000 1.000000 50 0.599180 0.625225 0.599644 0.591675 -3.733870e+06 0.591349 0.580841 -3.669960e+06
0.200000 0.001000 1.000000 50 0.599180 0.625225 0.599644 0.591675 -3.733870e+06 0.591349 0.580841 -3.669960e+06
0.200000 0.001500 1.000000 50 0.598990 0.618018 0.598657 0.590534 -3.732690e+06 0.591349 0.580414 -3.668492e+06
0.200000 0.001500 1.000000 50 0.598990 0.618018 0.598657 0.590534 -3.732690e+06 0.591349 0.580414 -3.668492e+06
0.200000 0.010000 1.000000 50 0.596797 0.625225 0.598262 0.588465 -3.720790e+06 0.594707 0.582963 -3.654929e+06
0.200000 0.010000 1.000000 50 0.596797 0.625225 0.598262 0.588465 -3.720790e+06 0.594707 0.582963 -3.654929e+06
0.200000 0.025000 1.000000 50 0.600801 0.616216 0.599447 0.589173 -3.712660e+06 0.595299 0.583299 -3.647174e+06
0.200000 0.025000 1.000000 50 0.600801 0.616216 0.599447 0.589173 -3.712660e+06 0.595299 0.583299 -3.647174e+06
0.200000 0.050000 1.000000 50 0.604709 0.634234 0.603397 0.593361 -3.705220e+06 0.599052 0.586211 -3.638694e+06
0.200000 0.050000 1.000000 50 0.604709 0.634234 0.603397 0.593361 -3.705220e+06 0.599052 0.586211 -3.638694e+06
0.200000 0.100000 1.000000 50 0.607664 0.636036 0.607940 0.598158 -3.696420e+06 0.619791 0.607140 -3.627903e+06
0.200000 0.100000 1.000000 50 0.607664 0.636036 0.607940 0.598158 -3.696420e+06 0.619791 0.607140 -3.627903e+06
0.200000 0.500000 1.000000 50 0.619865 0.616216 0.610903 0.599825 -3.670970e+06 0.636777 0.622309 -3.602606e+06
