0.900000 0.001000 0.001000 50 0.704545 0.715315 0.710053 0.699178 -3.730370e+06 0.694647 0.683666 -3.698936e+06
0.900000 0.001500 0.001000 50 0.707576 0.715315 0.709658 0.698728 -3.728500e+06 0.693857 0.682893 -3.697031e+06
0.900000 0.010000 0.001000 50 0.710606 0.709910 0.715781 0.704384 -3.712270e+06 0.695833 0.684785 -3.680359e+06
0.900000 0.025000 0.001000 50 0.707576 0.702703 0.713806 0.701807 -3.699220e+06 0.697610 0.686072 -3.667244e+06
0.900000 0.050000 0.001000 50 0.706818 0.699099 0.713016 0.700993 -3.686740e+06 0.696425 0.684407 -3.654865e+06
0.900000 0.100000 0.001000 50 0.700758 0.699099 0.706696 0.694601 -3.672070e+06 0.697610 0.685410 -3.640091e+06
0.900000 0.500000 0.001000 50 0.682576 0.690090 0.694450 0.682407 -3.631770e+06 0.685364 0.672353 -3.598465e+06
0.900000 0.001000 0.010000 50 0.705303 0.691892 0.713609 0.704695 -3.731270e+06 0.698203 0.688396 -3.697087e+06
0.900000 0.001500 0.010000 50 0.706818 0.690090 0.713214 0.704181 -3.729290e+06 0.698400 0.688555 -3.695056e+06
0.900000 0.010000 0.010000 50 0.709091 0.699099 0.718349 0.708807 -3.712260e+06 0.699388 0.689403 -3.677530e+06
0.900000 0.025000 0.010000 50 0.712879 0.697297 0.718744 0.709176 -3.698810e+06 0.700968 0.690732 -3.663157e+06
0.900000 0.050000 0.010000 50 0.703030 0.695495 0.712226 0.701955 -3.685640e+06 0.702745 0.692191 -3.649464e+06
0.900000 0.100000 0.010000 50 0.702273 0.691892 0.710646 0.700450 -3.670140e+06 0.703338 0.692598 -3.633614e+06
0.900000 0.500000 0.010000 50 0.688636 0.681081 0.695042 0.684962 -3.630240e+06 0.683389 0.672371 -3.592654e+06
0.900000 0.001000 0.100000 50 0.726515 0.751351 0.748371 0.739701 -3.731290e+06 0.727632 0.718584 -3.691058e+06
0.900000 0.001500 0.100000 50 0.726515 0.751351 0.748371 0.739722 -3.729510e+06 0.727632 0.718541 -3.689087e+06
0.900000 0.010000 0.100000 50 0.735606 0.749550 0.748371 0.738845 -3.714860e+06 0.728619 0.718748 -3.671220e+06
0.900000 0.025000 0.100000 50 0.736364 0.749550 0.747580 0.737567 -3.701770e+06 0.729607 0.719024 -3.657748e+06
0.900000 0.050000 0.100000 50 0.737121 0.747748 0.745210 0.735050 -3.689890e+06 0.728817 0.717218 -3.645159e+06
0.900000 0.100000 0.100000 50 0.737121 0.749550 0.740273 0.730016 -3.676200e+06 0.730792 0.718928 -3.632123e+06
0.900000 0.500000 0.100000 50 0.723485 0.726126 0.721904 0.711647 -3.641530e+06 0.720324 0.709263 -3.595341e+06
0.900000 0.001000 1.000000 50 0.721212 0.736937 0.727237 0.719678 -3.738630e+06 0.697413 0.685213 -3.665845e+06
0.900000 0.001500 1.000000 50 0.712121 0.729730 0.725262 0.717530 -3.737450e+06 0.698598 0.686376 -3.664729e+06
0.900000 0.010000 1.000000 50 0.698485 0.729730 0.727632 0.719110 -3.724950e+06 0.702153 0.689126 -3.651597e+06
0.900000 0.025000 1.000000 50 0.698485 0.717117 0.717954 0.709649 -3.714700e+06 0.701165 0.688061 -3.643106e+06
0.900000 0.050000 1.000000 50 0.696970 0.711712 0.708473 0.699437 -3.706770e+06 0.694845 0.681346 -3.636657e+06
0.900000 0.100000 1.000000 50 0.694697 0.708108 0.703535 0.693986 -3.697480e+06 0.693265 0.679683 -3.628265e+06
0.900000 0.500000 1.000000 50 0.685606 0.654054 0.675489 0.664263 -3.670380e+06 0.691882 0.677284 -3.604478e+06
