0.700000 0.001000 0.001000 50 0.928283 0.919308 0.933919 0.936197 -3.410840e+06 0.931501 0.934013 -3.381972e+06
0.700000 0.001500 0.001000 50 0.928283 0.919308 0.933597 0.935874 -3.410110e+06 0.931421 0.933948 -3.381235e+06
0.700000 0.010000 0.001000 50 0.929008 0.918588 0.934161 0.936419 -3.398640e+06 0.931904 0.934433 -3.369745e+06
0.700000 0.025000 0.001000 50 0.928387 0.916427 0.934241 0.936477 -3.383100e+06 0.931663 0.934229 -3.354579e+06
0.700000 0.050000 0.001000 50 0.928387 0.914265 0.934644 0.936943 -3.364730e+06 0.931904 0.934458 -3.336086e+06
0.700000 0.100000 0.001000 50 0.928490 0.913545 0.934483 0.936767 -3.340110e+06 0.931501 0.934087 -3.310663e+06
0.700000 0.500000 0.001000 50 0.929318 0.909942 0.928842 0.930734 -3.265440e+06 0.924893 0.926984 -3.234755e+06
0.700000 0.001000 0.010000 50 0.936355 0.930115 0.938351 0.940760 -3.399800e+06 0.934080 0.936780 -3.372457e+06
0.700000 0.001500 0.010000 50 0.936148 0.930115 0.938029 0.940459 -3.399060e+06 0.934080 0.936780 -3.371711e+06
0.700000 0.010000 0.010000 50 0.936148 0.929395 0.938029 0.940494 -3.387630e+06 0.933919 0.936662 -3.360199e+06
0.700000 0.025000 0.010000 50 0.935838 0.930115 0.937948 0.940449 -3.370760e+06 0.934483 0.937199 -3.342752e+06
0.700000 0.050000 0.010000 50 0.935734 0.931556 0.937304 0.939843 -3.350680e+06 0.934161 0.936891 -3.322230e+06
0.700000 0.100000 0.010000 50 0.935527 0.927954 0.937223 0.939755 -3.324350e+06 0.934080 0.936815 -3.295279e+06
0.700000 0.500000 0.010000 50 0.931388 0.927954 0.934161 0.936672 -3.248660e+06 0.931663 0.934379 -3.217734e+06
0.700000 0.001000 0.100000 50 0.934699 0.927954 0.938271 0.940518 -3.407330e+06 0.935772 0.938342 -3.373587e+06
0.700000 0.001500 0.100000 50 0.935113 0.928674 0.938432 0.940688 -3.405580e+06 0.935934 0.938529 -3.372850e+06
0.700000 0.010000 0.100000 50 0.935320 0.929395 0.937868 0.940127 -3.393250e+06 0.936175 0.938831 -3.360090e+06
0.700000 0.025000 0.100000 50 0.935734 0.929395 0.937787 0.940053 -3.377160e+06 0.936256 0.938932 -3.342236e+06
0.700000 0.050000 0.100000 50 0.935527 0.927233 0.937868 0.940264 -3.357910e+06 0.935369 0.938055 -3.322119e+06
0.700000 0.100000 0.100000 50 0.934492 0.924352 0.938029 0.940438 -3.333060e+06 0.935853 0.938509 -3.296351e+06
0.700000 0.500000 0.100000 50 0.932112 0.922190 0.933113 0.935299 -3.264650e+06 0.932146 0.934570 -3.224397e+06
0.700000 0.001000 1.000000 50 0.949188 0.942363 0.947055 0.948651 -3.403410e+06 0.947377 0.949277 -3.341186e+06
0.700000 0.001500 1.000000 50 0.949602 0.942363 0.946813 0.948414 -3.402750e+06 0.947377 0.949277 -3.340816e+06
0.700000 0.010000 1.000000 50 0.949188 0.941643 0.946652 0.948291 -3.397410e+06 0.946974 0.948949 -3.333336e+06
0.700000 0.025000 1.000000 50 0.948670 0.940922 0.946813 0.948467 -3.389190e+06 0.946088 0.948242 -3.320034e+06
0.700000 0.050000 1.000000 50 0.947221 0.939481 0.945362 0.947196 -3.377650e+06 0.945604 0.947819 -3.306930e+06
0.700000 0.100000 1.000000 50 0.945462 0.932997 0.944395 0.946374 -3.361200e+06 0.944315 0.946698 -3.286652e+06
0.700000 0.500000 1.000000 50 0.939770 0.913545 0.932549 0.934793 -3.309620e+06 0.934000 0.936955 -3.236969e+06
