0.050000 0.001000 0.001000 50 0.535980 0.541029 0.541564 0.487272 -9.631690e+05 0.541873 0.478835 -9.573670e+05
0.050000 0.001500 0.001000 50 0.536043 0.541029 0.541718 0.487399 -9.630810e+05 0.542027 0.478962 -9.572795e+05
0.050000 0.010000 0.001000 50 0.535354 0.534075 0.541409 0.486986 -9.614010e+05 0.541564 0.481680 -9.555186e+05
0.050000 0.025000 0.001000 50 0.535229 0.531293 0.541718 0.487148 -9.586250e+05 0.542336 0.482401 -9.526875e+05
0.050000 0.050000 0.001000 50 0.536356 0.538248 0.542182 0.487667 -9.542010e+05 0.545735 0.485068 -9.484661e+05
0.050000 0.100000 0.001000 50 0.540615 0.547983 0.546663 0.491346 -9.462040e+05 0.549444 0.488081 -9.404301e+05
0.050000 0.500000 0.001000 50 0.553767 0.559110 0.564895 0.497266 -9.089640e+05 0.570148 0.495791 -9.024005e+05
0.050000 0.001000 0.010000 50 0.546189 0.522949 0.551607 0.494960 -9.638080e+05 0.550371 0.497076 -9.572723e+05
0.050000 0.001500 0.010000 50 0.546126 0.522949 0.551916 0.495243 -9.637200e+05 0.550371 0.497076 -9.571845e+05
0.050000 0.010000 0.010000 50 0.545375 0.521558 0.548980 0.495643 -9.619790e+05 0.548980 0.495915 -9.553204e+05
0.050000 0.025000 0.010000 50 0.546189 0.524339 0.548671 0.495266 -9.591240e+05 0.547590 0.497671 -9.523688e+05
0.050000 0.050000 0.010000 50 0.547692 0.532684 0.550525 0.493526 -9.546110e+05 0.552534 0.501426 -9.480429e+05
0.050000 0.100000 0.010000 50 0.555208 0.539638 0.557478 0.499191 -9.467450e+05 0.558096 0.502550 -9.397576e+05
0.050000 0.500000 0.010000 50 0.571804 0.570236 0.581273 0.509704 -9.101440e+05 0.577101 0.514949 -9.019101e+05
0.050000 0.001000 0.100000 50 0.601741 0.610570 0.605686 0.524711 -9.621550e+05 0.609394 0.528073 -9.533078e+05
0.050000 0.001500 0.100000 50 0.600802 0.609179 0.605995 0.525115 -9.616650e+05 0.609394 0.528073 -9.532132e+05
0.050000 0.010000 0.100000 50 0.602242 0.611961 0.606768 0.525721 -9.596230e+05 0.608004 0.527194 -9.507170e+05
0.050000 0.025000 0.100000 50 0.603244 0.617524 0.608004 0.526642 -9.563000e+05 0.610476 0.529245 -9.474384e+05
0.050000 0.050000 0.100000 50 0.604935 0.620306 0.613257 0.531074 -9.511630e+05 0.614493 0.532503 -9.422627e+05
0.050000 0.100000 0.100000 50 0.607127 0.623088 0.618047 0.534687 -9.424190e+05 0.618820 0.538853 -9.331027e+05
0.050000 0.500000 0.100000 50 0.604747 0.628651 0.622219 0.543642 -9.078710e+05 0.616502 0.541843 -8.957438e+05
0.050000 0.001000 1.000000 50 0.564477 0.556328 0.561032 0.575675 -9.572110e+05 0.565358 0.564822 -9.440130e+05
0.050000 0.001500 1.000000 50 0.564602 0.554937 0.561187 0.578977 -9.570500e+05 0.565977 0.565342 -9.434068e+05
0.050000 0.010000 1.000000 50 0.565416 0.556328 0.562732 0.577263 -9.562540e+05 0.566286 0.565689 -9.425807e+05
0.050000 0.025000 1.000000 50 0.566418 0.561892 0.565977 0.567877 -9.540640e+05 0.568912 0.568098 -9.394970e+05
0.050000 0.050000 1.000000 50 0.571429 0.570236 0.571848 0.566993 -9.501960e+05 0.574320 0.566650 -9.342167e+05
0.050000 0.100000 1.000000 50 0.575813 0.574409 0.576947 0.568831 -9.458990e+05 0.576020 0.568089 -9.268137e+05
0.050000 0.500000 1.000000 50 0.569111 0.542420 0.566904 0.565775 -9.253720e+05 0.564740 0.557563 -9.004183e+05
