0.050000 0.001000 0.001000 50 0.914065 0.901297 0.917318 0.919724 -3.404420e+06 0.916029 0.918479 -3.375964e+06
0.050000 0.001500 0.001000 50 0.914033 0.901297 0.917399 0.919801 -3.403690e+06 0.915948 0.918403 -3.375231e+06
0.050000 0.010000 0.001000 50 0.914327 0.900576 0.917157 0.919625 -3.392190e+06 0.916270 0.918800 -3.363610e+06
0.050000 0.025000 0.001000 50 0.914033 0.899856 0.916915 0.919455 -3.376510e+06 0.916351 0.918938 -3.348259e+06
0.050000 0.050000 0.001000 50 0.914000 0.899135 0.916190 0.918800 -3.358310e+06 0.916109 0.918755 -3.329751e+06
0.050000 0.100000 0.001000 50 0.913836 0.897695 0.915303 0.917922 -3.334160e+06 0.915787 0.918477 -3.304660e+06
0.050000 0.500000 0.001000 50 0.910437 0.896254 0.911677 0.914137 -3.261220e+06 0.913289 0.915750 -3.230438e+06
0.050000 0.001000 0.010000 50 0.914261 0.906340 0.917399 0.921047 -3.397790e+06 0.917237 0.920862 -3.370869e+06
0.050000 0.001500 0.010000 50 0.914261 0.906340 0.917640 0.921320 -3.397090e+06 0.916996 0.920620 -3.369231e+06
0.050000 0.010000 0.010000 50 0.913738 0.906340 0.916432 0.920182 -3.385580e+06 0.916915 0.920615 -3.357984e+06
0.050000 0.025000 0.010000 50 0.913346 0.904899 0.916270 0.920042 -3.369600e+06 0.916754 0.920487 -3.341756e+06
0.050000 0.050000 0.010000 50 0.913281 0.904899 0.916432 0.920254 -3.349560e+06 0.916432 0.920252 -3.320821e+06
0.050000 0.100000 0.010000 50 0.913608 0.904179 0.915948 0.919772 -3.324060e+06 0.916190 0.920038 -3.294621e+06
0.050000 0.500000 0.010000 50 0.912333 0.904179 0.914256 0.918072 -3.251140e+06 0.914578 0.918463 -3.219562e+06
0.050000 0.001000 0.100000 50 0.921060 0.905620 0.921670 0.925205 -3.402970e+06 0.923362 0.926978 -3.369167e+06
0.050000 0.001500 0.100000 50 0.920962 0.905620 0.921750 0.925280 -3.402230e+06 0.923362 0.926979 -3.368425e+06
0.050000 0.010000 0.100000 50 0.921028 0.907781 0.921509 0.925104 -3.389370e+06 0.923281 0.926931 -3.355256e+06
0.050000 0.025000 0.100000 50 0.920603 0.907781 0.921831 0.925468 -3.372160e+06 0.923362 0.927116 -3.338316e+06
0.050000 0.050000 0.100000 50 0.920080 0.906340 0.921267 0.925041 -3.353140e+06 0.922556 0.926371 -3.317241e+06
0.050000 0.100000 0.100000 50 0.919066 0.906340 0.921831 0.925533 -3.329020e+06 0.922153 0.925935 -3.291679e+06
0.050000 0.500000 0.100000 50 0.917563 0.901297 0.917560 0.921066 -3.262030e+06 0.919413 0.922985 -3.221489e+06
0.050000 0.001000 1.000000 50 0.932893 0.913545 0.928197 0.931204 -3.402840e+06 0.932227 0.935339 -3.339886e+06
0.050000 0.001500 1.000000 50 0.932860 0.914265 0.928117 0.931120 -3.402470e+06 0.932227 0.935339 -3.339521e+06
0.050000 0.010000 1.000000 50 0.932959 0.916427 0.928520 0.931580 -3.395640e+06 0.931824 0.934979 -3.329214e+06
0.050000 0.025000 1.000000 50 0.932828 0.917867 0.928278 0.931286 -3.386610e+06 0.931904 0.935070 -3.317220e+06
0.050000 0.050000 1.000000 50 0.933057 0.917147 0.928117 0.931199 -3.375200e+06 0.931260 0.934464 -3.301648e+06
0.050000 0.100000 1.000000 50 0.930115 0.909222 0.924490 0.926781 -3.358630e+06 0.927956 0.930189 -3.283207e+06
0.050000 0.500000 1.000000 50 0.922760 0.888329 0.915626 0.918204 -3.312760e+06 0.922234 0.924835 -3.236050e+06
