0.700000 0.001000 0.001000 50 0.690766 0.702703 0.704128 0.696516 -3.728590e+06 0.685364 0.678069 -3.697309e+06
0.700000 0.001500 0.001000 50 0.692288 0.699099 0.705116 0.697553 -3.727010e+06 0.686747 0.679499 -3.695309e+06
0.700000 0.010000 0.001000 50 0.692542 0.690090 0.702153 0.694252 -3.711690e+06 0.687932 0.679996 -3.679595e+06
0.700000 0.025000 0.001000 50 0.693810 0.686486 0.703930 0.695504 -3.698200e+06 0.690500 0.682194 -3.665673e+06
0.700000 0.050000 0.001000 50 0.690512 0.684685 0.700375 0.692112 -3.685870e+06 0.690105 0.681873 -3.653086e+06
0.700000 0.100000 0.001000 50 0.684424 0.668468 0.699783 0.691389 -3.671360e+06 0.689117 0.680758 -3.638345e+06
0.700000 0.500000 0.001000 50 0.674784 0.663063 0.681217 0.673385 -3.631010e+06 0.680229 0.671830 -3.596895e+06
0.700000 0.001000 0.010000 50 0.690005 0.682883 0.713609 0.705202 -3.729120e+06 0.701758 0.692936 -3.694813e+06
0.700000 0.001500 0.010000 50 0.692035 0.682883 0.715584 0.707402 -3.727580e+06 0.704128 0.695174 -3.693235e+06
0.700000 0.010000 0.010000 50 0.691273 0.677477 0.712226 0.703929 -3.711770e+06 0.702548 0.693617 -3.676577e+06
0.700000 0.025000 0.010000 50 0.697362 0.675676 0.712226 0.703705 -3.697760e+06 0.704721 0.695291 -3.662014e+06
0.700000 0.050000 0.010000 50 0.696601 0.686486 0.714596 0.705744 -3.684740e+06 0.706498 0.696960 -3.648745e+06
0.700000 0.100000 0.010000 50 0.697362 0.690090 0.711436 0.701956 -3.669670e+06 0.704325 0.694508 -3.633290e+06
0.700000 0.500000 0.010000 50 0.684678 0.661261 0.698203 0.688135 -3.629960e+06 0.694055 0.683726 -3.592699e+06
0.700000 0.001000 0.100000 50 0.689751 0.708108 0.714004 0.705292 -3.730120e+06 0.693462 0.684573 -3.689409e+06
0.700000 0.001500 0.100000 50 0.689751 0.711712 0.714596 0.706050 -3.727690e+06 0.694647 0.685474 -3.686743e+06
0.700000 0.010000 0.100000 50 0.691781 0.713514 0.715781 0.707159 -3.709750e+06 0.695042 0.686106 -3.667262e+06
0.700000 0.025000 0.100000 50 0.689751 0.717117 0.711041 0.701444 -3.696220e+06 0.698203 0.688544 -3.653095e+06
0.700000 0.050000 0.100000 50 0.689498 0.704505 0.708078 0.698061 -3.684510e+06 0.699190 0.688614 -3.640035e+06
0.700000 0.100000 0.100000 50 0.687722 0.697297 0.706498 0.696039 -3.670410e+06 0.697413 0.686275 -3.625471e+06
0.700000 0.500000 0.100000 50 0.677067 0.679279 0.692475 0.682018 -3.635270e+06 0.686944 0.675648 -3.588202e+06
0.700000 0.001000 1.000000 50 0.706748 0.720721 0.733952 0.725825 -3.734590e+06 0.709658 0.699529 -3.662307e+06
0.700000 0.001500 1.000000 50 0.706494 0.720721 0.734742 0.726624 -3.733580e+06 0.707683 0.697563 -3.661043e+06
0.700000 0.010000 1.000000 50 0.711821 0.709910 0.737112 0.728287 -3.722580e+06 0.708276 0.697044 -3.650025e+06
0.700000 0.025000 1.000000 50 0.718924 0.708108 0.739680 0.730225 -3.714050e+06 0.710448 0.698666 -3.641725e+06
0.700000 0.050000 1.000000 50 0.718163 0.715315 0.738495 0.728330 -3.705560e+06 0.714201 0.702234 -3.632084e+06
0.700000 0.100000 1.000000 50 0.720446 0.720721 0.735730 0.726024 -3.695180e+06 0.721509 0.709229 -3.621954e+06
0.700000 0.500000 1.000000 50 0.709031 0.686486 0.711633 0.702119 -3.672420e+06 0.722892 0.710089 -3.601802e+06
