0.050000 0.001000 0.001000 50 0.907626 0.900576 0.911274 0.914449 -3.404240e+06 0.911113 0.914181 -3.376247e+06
0.050000 0.001500 0.001000 50 0.907822 0.900576 0.911274 0.914449 -3.403560e+06 0.911274 0.914353 -3.375556e+06
0.050000 0.010000 0.001000 50 0.907561 0.900576 0.911355 0.914543 -3.392530e+06 0.911355 0.914577 -3.365019e+06
0.050000 0.025000 0.001000 50 0.907887 0.900576 0.912161 0.915405 -3.377600e+06 0.911113 0.914374 -3.349594e+06
0.050000 0.050000 0.001000 50 0.908051 0.904899 0.912402 0.915701 -3.358950e+06 0.911999 0.915309 -3.331267e+06
0.050000 0.100000 0.001000 50 0.908116 0.906340 0.911032 0.914292 -3.334820e+06 0.912161 0.915530 -3.306164e+06
0.050000 0.500000 0.001000 50 0.908018 0.895533 0.909018 0.912249 -3.261320e+06 0.909018 0.912206 -3.231700e+06
0.050000 0.001000 0.010000 50 0.918707 0.913545 0.920139 0.923760 -3.396230e+06 0.920139 0.923775 -3.368350e+06
0.050000 0.001500 0.010000 50 0.918282 0.912824 0.919655 0.923308 -3.395110e+06 0.920139 0.923775 -3.367623e+06
0.050000 0.010000 0.010000 50 0.917857 0.912104 0.920058 0.923768 -3.383970e+06 0.919977 0.923609 -3.356345e+06
0.050000 0.025000 0.010000 50 0.917530 0.913545 0.918849 0.922625 -3.367860e+06 0.919494 0.923189 -3.339545e+06
0.050000 0.050000 0.010000 50 0.917465 0.914265 0.918366 0.922172 -3.348790e+06 0.918527 0.922302 -3.319978e+06
0.050000 0.100000 0.010000 50 0.917432 0.915706 0.917802 0.921630 -3.323710e+06 0.918124 0.921939 -3.294211e+06
0.050000 0.500000 0.010000 50 0.918119 0.910663 0.917963 0.921213 -3.251970e+06 0.919655 0.923037 -3.220680e+06
0.050000 0.001000 0.100000 50 0.923479 0.914265 0.925377 0.928440 -3.402740e+06 0.923846 0.926980 -3.369110e+06
0.050000 0.001500 0.100000 50 0.923381 0.914265 0.925377 0.928474 -3.402000e+06 0.923765 0.926913 -3.368350e+06
0.050000 0.010000 0.100000 50 0.923708 0.914265 0.925135 0.928252 -3.389350e+06 0.924087 0.927349 -3.355265e+06
0.050000 0.025000 0.100000 50 0.923839 0.914265 0.925054 0.928236 -3.372260e+06 0.925538 0.928795 -3.338532e+06
0.050000 0.050000 0.100000 50 0.924035 0.914265 0.925296 0.928495 -3.353090e+06 0.924571 0.927886 -3.317268e+06
0.050000 0.100000 0.100000 50 0.923937 0.914265 0.924168 0.927480 -3.328680e+06 0.924813 0.928152 -3.291598e+06
0.050000 0.500000 0.100000 50 0.918347 0.905620 0.917963 0.921382 -3.261610e+06 0.921186 0.924530 -3.221672e+06
0.050000 0.001000 1.000000 50 0.930605 0.910663 0.925619 0.927531 -3.404560e+06 0.930212 0.932264 -3.342216e+06
0.050000 0.001500 1.000000 50 0.930540 0.910663 0.925377 0.927300 -3.404100e+06 0.930131 0.932188 -3.341582e+06
0.050000 0.010000 1.000000 50 0.930703 0.912824 0.925538 0.927464 -3.395780e+06 0.929648 0.931760 -3.329462e+06
0.050000 0.025000 1.000000 50 0.931259 0.914986 0.926021 0.928037 -3.385840e+06 0.929406 0.931538 -3.318729e+06
0.050000 0.050000 1.000000 50 0.930867 0.913545 0.925780 0.927796 -3.375860e+06 0.929003 0.931193 -3.303901e+06
0.050000 0.100000 1.000000 50 0.930768 0.910663 0.925296 0.927479 -3.361340e+06 0.928278 0.930518 -3.288385e+06
0.050000 0.500000 1.000000 50 0.924264 0.894813 0.912161 0.914965 -3.316470e+06 0.924007 0.926651 -3.243250e+06
