0.005000 0.001000 0.001000 50 0.526133 0.528512 0.529975 0.468077 -9.640170e+05 0.530902 0.468487 -9.586533e+05
0.005000 0.001500 0.001000 50 0.526133 0.529903 0.530130 0.468233 -9.639310e+05 0.531057 0.468610 -9.585669e+05
0.005000 0.010000 0.001000 50 0.528465 0.531293 0.532138 0.470232 -9.622850e+05 0.526267 0.464452 -9.565606e+05
0.005000 0.025000 0.001000 50 0.536000 0.542420 0.539864 0.465324 -9.595920e+05 0.531520 0.469051 -9.539706e+05
0.005000 0.050000 0.001000 50 0.542339 0.549374 0.546354 0.471373 -9.552300e+05 0.540482 0.476979 -9.495002e+05
0.005000 0.100000 0.001000 50 0.546406 0.549374 0.551761 0.475670 -9.472790e+05 0.546663 0.475978 -9.415443e+05
0.005000 0.500000 0.001000 50 0.548320 0.554937 0.555315 0.479804 -9.095960e+05 0.554234 0.481625 -9.029408e+05
0.005000 0.001000 0.010000 50 0.482478 0.472879 0.487948 0.438360 -9.638040e+05 0.489030 0.445019 -9.570580e+05
0.005000 0.001500 0.010000 50 0.482478 0.472879 0.487639 0.438049 -9.637160e+05 0.489030 0.445019 -9.569704e+05
0.005000 0.010000 0.010000 50 0.482239 0.475661 0.488257 0.438594 -9.619950e+05 0.486867 0.440176 -9.551482e+05
0.005000 0.025000 0.010000 50 0.483136 0.472879 0.489339 0.439409 -9.593640e+05 0.489802 0.442466 -9.525481e+05
0.005000 0.050000 0.010000 50 0.483854 0.472879 0.491193 0.437946 -9.549100e+05 0.490884 0.443307 -9.479890e+05
0.005000 0.100000 0.010000 50 0.485827 0.470097 0.494901 0.441104 -9.469440e+05 0.491656 0.443878 -9.398297e+05
0.005000 0.500000 0.010000 50 0.485229 0.475661 0.495519 0.440290 -9.106310e+05 0.495828 0.443313 -9.017159e+05
0.005000 0.001000 0.100000 50 0.534087 0.529903 0.542182 0.462071 -9.638370e+05 0.560260 0.475148 -9.550768e+05
0.005000 0.001500 0.100000 50 0.534206 0.529903 0.541873 0.461823 -9.637290e+05 0.559642 0.474638 -9.549840e+05
0.005000 0.010000 0.100000 50 0.533309 0.528512 0.543418 0.463798 -9.611350e+05 0.557169 0.473057 -9.525733e+05
0.005000 0.025000 0.100000 50 0.533608 0.531293 0.542182 0.462845 -9.578440e+05 0.545735 0.464751 -9.491477e+05
0.005000 0.050000 0.100000 50 0.535343 0.532684 0.544499 0.464654 -9.528680e+05 0.544190 0.463525 -9.439496e+05
0.005000 0.100000 0.100000 50 0.536000 0.529903 0.542182 0.461482 -9.447820e+05 0.543418 0.462094 -9.352804e+05
0.005000 0.500000 0.100000 50 0.544672 0.566064 0.558560 0.472467 -9.104620e+05 0.554852 0.468819 -8.981656e+05
0.005000 0.001000 1.000000 50 0.470518 0.447844 0.473424 0.514965 -9.557310e+05 0.484549 0.525418 -9.404855e+05
0.005000 0.001500 1.000000 50 0.470518 0.447844 0.473424 0.514965 -9.557140e+05 0.484549 0.525418 -9.404641e+05
0.005000 0.010000 1.000000 50 0.471235 0.446453 0.473578 0.515340 -9.552600e+05 0.484394 0.525484 -9.395919e+05
0.005000 0.025000 1.000000 50 0.471535 0.449235 0.474815 0.516593 -9.543050e+05 0.482540 0.520797 -9.384121e+05
0.005000 0.050000 1.000000 50 0.471654 0.443672 0.475278 0.520128 -9.517390e+05 0.481768 0.517343 -9.346877e+05
0.005000 0.100000 1.000000 50 0.472312 0.449235 0.477287 0.515894 -9.474300e+05 0.480995 0.522760 -9.297203e+05
0.005000 0.500000 1.000000 50 0.478711 0.445063 0.479141 0.503623 -9.322960e+05 0.483776 0.520692 -9.047186e+05
