0.500000 0.001000 0.001000 50 0.689890 0.689048 0.692007 0.692000 -1.894910e+07 0.688039 0.688033 -1.889678e+07
0.500000 0.001500 0.001000 50 0.689890 0.689524 0.692059 0.692053 -1.894340e+07 0.688039 0.688033 -1.889099e+07
0.500000 0.010000 0.001000 50 0.690258 0.690000 0.693594 0.693586 -1.885590e+07 0.688621 0.688614 -1.880272e+07
0.500000 0.025000 0.001000 50 0.691237 0.688571 0.693065 0.693057 -1.874590e+07 0.690314 0.690307 -1.868996e+07
0.500000 0.050000 0.001000 50 0.691360 0.689048 0.693223 0.693216 -1.863320e+07 0.691319 0.691312 -1.857617e+07
0.500000 0.100000 0.001000 50 0.690625 0.685714 0.694017 0.694009 -1.850380e+07 0.691266 0.691258 -1.844563e+07
0.500000 0.500000 0.001000 50 0.683972 0.681905 0.686346 0.686337 -1.821550e+07 0.683807 0.683798 -1.815525e+07
0.500000 0.001000 0.010000 50 0.692462 0.691429 0.695022 0.695015 -1.894520e+07 0.690578 0.690571 -1.889018e+07
0.500000 0.001500 0.010000 50 0.692421 0.691905 0.695022 0.695015 -1.893940e+07 0.690684 0.690677 -1.888436e+07
0.500000 0.010000 0.010000 50 0.692298 0.694286 0.695339 0.695332 -1.885090e+07 0.692218 0.692211 -1.878956e+07
0.500000 0.025000 0.010000 50 0.693237 0.691905 0.696768 0.696760 -1.874140e+07 0.693647 0.693639 -1.867840e+07
0.500000 0.050000 0.010000 50 0.692217 0.691429 0.697032 0.697024 -1.862790e+07 0.694017 0.694009 -1.856287e+07
0.500000 0.100000 0.010000 50 0.692747 0.690000 0.696821 0.696812 -1.849770e+07 0.694228 0.694220 -1.843117e+07
0.500000 0.500000 0.010000 50 0.686054 0.681429 0.688885 0.688876 -1.820980e+07 0.686452 0.686442 -1.814480e+07
0.500000 0.001000 0.100000 50 0.693523 0.696667 0.697085 0.697078 -1.894480e+07 0.691478 0.691471 -1.887731e+07
0.500000 0.001500 0.100000 50 0.693604 0.696667 0.697032 0.697025 -1.893900e+07 0.691583 0.691577 -1.887146e+07
0.500000 0.010000 0.100000 50 0.694421 0.698571 0.699042 0.699035 -1.884900e+07 0.693223 0.693216 -1.878060e+07
0.500000 0.025000 0.100000 50 0.694788 0.695238 0.700048 0.700040 -1.873320e+07 0.695234 0.695226 -1.865915e+07
0.500000 0.050000 0.100000 50 0.695196 0.694762 0.699201 0.699193 -1.861780e+07 0.695286 0.695279 -1.854180e+07
0.500000 0.100000 0.100000 50 0.695849 0.696190 0.699254 0.699246 -1.848930e+07 0.695604 0.695596 -1.841092e+07
0.500000 0.500000 0.100000 50 0.687564 0.686667 0.692853 0.692843 -1.821360e+07 0.689785 0.689775 -1.812699e+07
0.500000 0.001000 1.000000 50 0.702502 0.707619 0.709411 0.709402 -1.894360e+07 0.702798 0.702791 -1.883527e+07
0.500000 0.001500 1.000000 50 0.702951 0.708095 0.709147 0.709138 -1.893730e+07 0.702693 0.702685 -1.882879e+07
0.500000 0.010000 1.000000 50 0.704706 0.711905 0.713326 0.713316 -1.884140e+07 0.703328 0.703320 -1.872374e+07
0.500000 0.025000 1.000000 50 0.705930 0.710000 0.712480 0.712471 -1.872800e+07 0.706184 0.706177 -1.859905e+07
0.500000 0.050000 1.000000 50 0.706787 0.715714 0.713538 0.713529 -1.862410e+07 0.708300 0.708292 -1.848996e+07
0.500000 0.100000 1.000000 50 0.706502 0.710476 0.712374 0.712365 -1.850750e+07 0.707348 0.707339 -1.836916e+07
0.500000 0.500000 1.000000 50 0.701441 0.703810 0.706449 0.706438 -1.825130e+07 0.705708 0.705698 -1.811108e+07
