0.010000 0.001000 0.001000 50 0.536719 0.552156 0.539555 0.474913 -9.649770e+05 0.541409 0.476461 -9.595451e+05
0.010000 0.001500 0.001000 50 0.536599 0.552156 0.539555 0.474916 -9.648900e+05 0.539710 0.477693 -9.591710e+05
0.010000 0.010000 0.001000 50 0.536118 0.546592 0.536465 0.475213 -9.632410e+05 0.538782 0.482967 -9.574612e+05
0.010000 0.025000 0.001000 50 0.535276 0.543811 0.535383 0.474243 -9.604960e+05 0.538473 0.479645 -9.548800e+05
0.010000 0.050000 0.001000 50 0.533774 0.545202 0.534920 0.473833 -9.561730e+05 0.537546 0.478744 -9.504809e+05
0.010000 0.100000 0.001000 50 0.533954 0.545202 0.532911 0.472389 -9.484700e+05 0.535383 0.477257 -9.425046e+05
0.010000 0.500000 0.001000 50 0.540986 0.559110 0.532911 0.470896 -9.107280e+05 0.536619 0.469978 -9.040178e+05
0.010000 0.001000 0.010000 50 0.568990 0.582754 0.577565 0.493577 -9.637050e+05 0.578337 0.494143 -9.573184e+05
0.010000 0.001500 0.010000 50 0.565745 0.577191 0.572157 0.489070 -9.632640e+05 0.574011 0.490143 -9.567222e+05
0.010000 0.010000 0.010000 50 0.563221 0.567455 0.569376 0.486422 -9.614190e+05 0.568912 0.488694 -9.547271e+05
0.010000 0.025000 0.010000 50 0.558654 0.568846 0.565204 0.485573 -9.583900e+05 0.569685 0.488729 -9.520064e+05
0.010000 0.050000 0.010000 50 0.566647 0.577191 0.568603 0.487710 -9.539980e+05 0.571230 0.489779 -9.472360e+05
0.010000 0.100000 0.010000 50 0.569952 0.585535 0.574320 0.492306 -9.457570e+05 0.575865 0.496746 -9.390525e+05
0.010000 0.500000 0.010000 50 0.579387 0.598053 0.585136 0.503789 -9.090900e+05 0.586990 0.505109 -9.006901e+05
0.010000 0.001000 0.100000 50 0.591346 0.613352 0.600278 0.518741 -9.635690e+05 0.603368 0.533051 -9.542383e+05
0.010000 0.001500 0.100000 50 0.591526 0.613352 0.600278 0.518741 -9.634760e+05 0.603523 0.530032 -9.537033e+05
0.010000 0.010000 0.100000 50 0.592548 0.611961 0.600278 0.515654 -9.611150e+05 0.605222 0.534476 -9.517389e+05
0.010000 0.025000 0.100000 50 0.593810 0.610570 0.603368 0.518286 -9.579110e+05 0.604759 0.534193 -9.485518e+05
0.010000 0.050000 0.100000 50 0.594892 0.605007 0.604295 0.518958 -9.529500e+05 0.604450 0.537159 -9.434812e+05
0.010000 0.100000 0.100000 50 0.593269 0.623088 0.606922 0.527911 -9.443430e+05 0.605995 0.535727 -9.344069e+05
0.010000 0.500000 0.100000 50 0.588462 0.624478 0.611403 0.520368 -9.094560e+05 0.610939 0.519642 -8.965174e+05
0.010000 0.001000 1.000000 50 0.606731 0.596662 0.607849 0.566961 -9.567490e+05 0.612176 0.579864 -9.408953e+05
0.010000 0.001500 1.000000 50 0.606851 0.596662 0.607849 0.566961 -9.567180e+05 0.612021 0.579737 -9.408632e+05
0.010000 0.010000 1.000000 50 0.607151 0.600834 0.608776 0.567937 -9.560080e+05 0.611712 0.579395 -9.395704e+05
0.010000 0.025000 1.000000 50 0.608353 0.605007 0.608313 0.567516 -9.539750e+05 0.612330 0.579692 -9.369548e+05
0.010000 0.050000 1.000000 50 0.608233 0.605007 0.607540 0.566615 -9.504540e+05 0.608467 0.576299 -9.332547e+05
0.010000 0.100000 1.000000 50 0.600721 0.606398 0.603523 0.559961 -9.474600e+05 0.601205 0.570086 -9.264311e+05
0.010000 0.500000 1.000000 50 0.581010 0.593880 0.584672 0.546144 -9.264120e+05 0.576483 0.544827 -8.972609e+05
