0.900000 0.001000 0.001000 50 0.713636 0.706306 0.716769 0.706700 -3.731890e+06 0.693067 0.682879 -3.700798e+06
0.900000 0.001500 0.001000 50 0.712879 0.704505 0.716374 0.706072 -3.730020e+06 0.694845 0.684611 -3.698557e+06
0.900000 0.010000 0.001000 50 0.718182 0.700901 0.716176 0.705603 -3.713340e+06 0.699190 0.688423 -3.681190e+06
0.900000 0.025000 0.001000 50 0.707576 0.693694 0.717559 0.706190 -3.699510e+06 0.702350 0.691170 -3.666804e+06
0.900000 0.050000 0.001000 50 0.707576 0.681081 0.710448 0.699206 -3.686320e+06 0.701363 0.689891 -3.653500e+06
0.900000 0.100000 0.001000 50 0.703030 0.688288 0.712226 0.700800 -3.670820e+06 0.700968 0.689394 -3.637876e+06
0.900000 0.500000 0.001000 50 0.683333 0.661261 0.689710 0.677639 -3.629540e+06 0.683587 0.670987 -3.595815e+06
0.900000 0.001000 0.010000 50 0.696212 0.715315 0.707288 0.698150 -3.731370e+06 0.690302 0.680833 -3.697096e+06
0.900000 0.001500 0.010000 50 0.696970 0.718919 0.708276 0.699202 -3.729560e+06 0.691882 0.682263 -3.695282e+06
0.900000 0.010000 0.010000 50 0.695455 0.724324 0.710251 0.701009 -3.713610e+06 0.691092 0.681143 -3.678889e+06
0.900000 0.025000 0.010000 50 0.692424 0.733333 0.712621 0.703242 -3.700530e+06 0.691487 0.681326 -3.665479e+06
0.900000 0.050000 0.010000 50 0.685606 0.726126 0.710251 0.700239 -3.688260e+06 0.691882 0.681087 -3.652850e+06
0.900000 0.100000 0.010000 50 0.682576 0.724324 0.707486 0.697614 -3.673740e+06 0.694055 0.683398 -3.637861e+06
0.900000 0.500000 0.010000 50 0.673485 0.709910 0.691487 0.681934 -3.634660e+06 0.681414 0.670800 -3.597444e+06
0.900000 0.001000 0.100000 50 0.713636 0.720721 0.735927 0.726936 -3.731740e+06 0.715584 0.706007 -3.691865e+06
0.900000 0.001500 0.100000 50 0.713636 0.717117 0.734150 0.725034 -3.729540e+06 0.714004 0.704364 -3.689781e+06
0.900000 0.010000 0.100000 50 0.710606 0.735135 0.731582 0.722010 -3.712860e+06 0.714201 0.704147 -3.671286e+06
0.900000 0.025000 0.100000 50 0.707576 0.735135 0.730002 0.720204 -3.699840e+06 0.713609 0.703203 -3.656899e+06
0.900000 0.050000 0.100000 50 0.703788 0.729730 0.726249 0.716142 -3.687450e+06 0.709856 0.699332 -3.643654e+06
0.900000 0.100000 0.100000 50 0.696970 0.715315 0.719929 0.709631 -3.673040e+06 0.708078 0.697513 -3.628545e+06
0.900000 0.500000 0.100000 50 0.686364 0.684685 0.701560 0.690830 -3.637470e+06 0.696425 0.685278 -3.591796e+06
0.900000 0.001000 1.000000 50 0.706061 0.724324 0.698598 0.692820 -3.737130e+06 0.675489 0.665861 -3.671767e+06
0.900000 0.001500 1.000000 50 0.706818 0.724324 0.698993 0.692966 -3.735630e+06 0.674699 0.665035 -3.670110e+06
0.900000 0.010000 1.000000 50 0.690152 0.697297 0.686549 0.680040 -3.723240e+06 0.664626 0.653788 -3.657367e+06
0.900000 0.025000 1.000000 50 0.685606 0.708108 0.684772 0.678099 -3.713650e+06 0.661663 0.650304 -3.648788e+06
0.900000 0.050000 1.000000 50 0.687121 0.695495 0.683587 0.676956 -3.705390e+06 0.663046 0.651023 -3.638422e+06
0.900000 0.100000 1.000000 50 0.690909 0.693694 0.672329 0.664608 -3.695520e+06 0.664428 0.651665 -3.629006e+06
0.900000 0.500000 1.000000 50 0.683333 0.643243 0.655145 0.646855 -3.668640e+06 0.680032 0.667130 -3.602230e+06
