0.300000 0.001000 0.001000 50 0.684878 0.694286 0.689785 0.689779 -1.893450e+07 0.686981 0.686976 -1.888469e+07
0.300000 0.001500 0.001000 50 0.685111 0.695714 0.689520 0.689515 -1.892870e+07 0.686822 0.686817 -1.887884e+07
0.300000 0.010000 0.001000 50 0.685665 0.696190 0.688885 0.688880 -1.884200e+07 0.687087 0.687082 -1.879118e+07
0.300000 0.025000 0.001000 50 0.686102 0.696667 0.689414 0.689409 -1.873450e+07 0.686822 0.686817 -1.868059e+07
0.300000 0.050000 0.001000 50 0.687035 0.697619 0.690684 0.690678 -1.862470e+07 0.688568 0.688563 -1.856901e+07
0.300000 0.100000 0.001000 50 0.689426 0.699048 0.692271 0.692265 -1.849910e+07 0.689838 0.689831 -1.844182e+07
0.300000 0.500000 0.001000 50 0.686102 0.693333 0.690472 0.690465 -1.821960e+07 0.688674 0.688667 -1.815878e+07
0.300000 0.001000 0.010000 50 0.686598 0.689524 0.688409 0.688403 -1.893340e+07 0.686822 0.686816 -1.888151e+07
0.300000 0.001500 0.010000 50 0.686686 0.690000 0.688462 0.688456 -1.892760e+07 0.687140 0.687133 -1.887561e+07
0.300000 0.010000 0.010000 50 0.687181 0.692381 0.688621 0.688615 -1.884000e+07 0.686981 0.686975 -1.878185e+07
0.300000 0.025000 0.010000 50 0.687123 0.692381 0.689732 0.689726 -1.873190e+07 0.688568 0.688562 -1.867137e+07
0.300000 0.050000 0.010000 50 0.688085 0.692381 0.690314 0.690307 -1.861870e+07 0.688039 0.688033 -1.855570e+07
0.300000 0.100000 0.010000 50 0.687968 0.693810 0.689838 0.689831 -1.848970e+07 0.687827 0.687821 -1.842437e+07
0.300000 0.500000 0.010000 50 0.684674 0.688571 0.685870 0.685861 -1.820390e+07 0.683966 0.683957 -1.813901e+07
0.300000 0.001000 0.100000 50 0.685286 0.689524 0.688356 0.688351 -1.894250e+07 0.684812 0.684807 -1.887871e+07
0.300000 0.001500 0.100000 50 0.685140 0.688571 0.687933 0.687928 -1.893700e+07 0.684812 0.684807 -1.887317e+07
0.300000 0.010000 0.100000 50 0.684732 0.689048 0.688409 0.688404 -1.885260e+07 0.684812 0.684806 -1.878754e+07
0.300000 0.025000 0.100000 50 0.685403 0.690952 0.688092 0.688086 -1.874350e+07 0.685553 0.685547 -1.867355e+07
0.300000 0.050000 0.100000 50 0.686277 0.689048 0.689732 0.689725 -1.863460e+07 0.687193 0.687186 -1.856178e+07
0.300000 0.100000 0.100000 50 0.687327 0.692857 0.689732 0.689725 -1.851030e+07 0.688039 0.688032 -1.843407e+07
0.300000 0.500000 0.100000 50 0.686686 0.690000 0.686452 0.686445 -1.823840e+07 0.685394 0.685387 -1.815529e+07
0.300000 0.001000 1.000000 50 0.693916 0.699524 0.698672 0.698665 -1.893700e+07 0.697191 0.697184 -1.883405e+07
0.300000 0.001500 1.000000 50 0.693916 0.699524 0.699307 0.699299 -1.893110e+07 0.697244 0.697237 -1.882799e+07
0.300000 0.010000 1.000000 50 0.697443 0.701429 0.703857 0.703848 -1.883970e+07 0.700788 0.700781 -1.872698e+07
0.300000 0.025000 1.000000 50 0.702749 0.710000 0.707983 0.707974 -1.873360e+07 0.703328 0.703319 -1.860813e+07
0.300000 0.050000 1.000000 50 0.705431 0.708095 0.711051 0.711042 -1.863160e+07 0.707189 0.707180 -1.849382e+07
0.300000 0.100000 1.000000 50 0.705869 0.708571 0.711104 0.711094 -1.851770e+07 0.709200 0.709189 -1.837708e+07
0.300000 0.500000 1.000000 50 0.698697 0.703333 0.702851 0.702840 -1.827350e+07 0.700048 0.700036 -1.812681e+07
