0.100000 0.001000 0.001000 50 0.682184 0.687143 0.684812 0.684805 -1.892680e+07 0.684918 0.684911 -1.887908e+07
0.100000 0.001500 0.001000 50 0.682048 0.685714 0.684865 0.684858 -1.892120e+07 0.685182 0.685176 -1.887347e+07
0.100000 0.010000 0.001000 50 0.682706 0.685714 0.685658 0.685652 -1.883650e+07 0.685764 0.685758 -1.878602e+07
0.100000 0.025000 0.001000 50 0.682819 0.685238 0.687351 0.687345 -1.873470e+07 0.687457 0.687450 -1.868235e+07
0.100000 0.050000 0.001000 50 0.683159 0.689524 0.687351 0.687345 -1.862790e+07 0.687774 0.687768 -1.857330e+07
0.100000 0.100000 0.001000 50 0.684179 0.685714 0.688039 0.688032 -1.850440e+07 0.688251 0.688244 -1.844791e+07
0.100000 0.500000 0.001000 50 0.680869 0.673333 0.683542 0.683535 -1.822290e+07 0.683648 0.683641 -1.816244e+07
0.100000 0.001000 0.010000 50 0.680234 0.693333 0.684283 0.684278 -1.892910e+07 0.684230 0.684224 -1.887349e+07
0.100000 0.001500 0.010000 50 0.680279 0.693810 0.684283 0.684277 -1.892330e+07 0.684230 0.684224 -1.886757e+07
0.100000 0.010000 0.010000 50 0.680756 0.693810 0.685553 0.685547 -1.883520e+07 0.684759 0.684753 -1.877801e+07
0.100000 0.025000 0.010000 50 0.681776 0.694286 0.687087 0.687081 -1.872500e+07 0.687563 0.687557 -1.866814e+07
0.100000 0.050000 0.010000 50 0.683114 0.694286 0.688462 0.688457 -1.861520e+07 0.688674 0.688668 -1.855554e+07
0.100000 0.100000 0.010000 50 0.684610 0.690952 0.689838 0.689831 -1.849010e+07 0.689573 0.689567 -1.842764e+07
0.100000 0.500000 0.010000 50 0.680211 0.682857 0.685129 0.685122 -1.821300e+07 0.684336 0.684329 -1.814426e+07
0.100000 0.001000 0.100000 50 0.685495 0.685238 0.687404 0.687396 -1.892760e+07 0.686928 0.686920 -1.886442e+07
0.100000 0.001500 0.100000 50 0.685427 0.685238 0.687563 0.687555 -1.892180e+07 0.687087 0.687079 -1.885853e+07
0.100000 0.010000 0.100000 50 0.686878 0.684762 0.687616 0.687607 -1.883290e+07 0.688462 0.688454 -1.876838e+07
0.100000 0.025000 0.100000 50 0.688465 0.689048 0.689044 0.689035 -1.872250e+07 0.689414 0.689405 -1.865214e+07
0.100000 0.050000 0.100000 50 0.690279 0.690952 0.691107 0.691097 -1.861400e+07 0.691001 0.690992 -1.853939e+07
0.100000 0.100000 0.100000 50 0.690823 0.693810 0.692430 0.692419 -1.849280e+07 0.692165 0.692155 -1.841380e+07
0.100000 0.500000 0.100000 50 0.687309 0.684286 0.690525 0.690514 -1.822970e+07 0.690208 0.690196 -1.814100e+07
0.100000 0.001000 1.000000 50 0.684111 0.687619 0.686875 0.686869 -1.892540e+07 0.688303 0.688297 -1.882507e+07
0.100000 0.001500 1.000000 50 0.684270 0.688095 0.686558 0.686551 -1.891940e+07 0.688198 0.688191 -1.881877e+07
0.100000 0.010000 1.000000 50 0.686424 0.692857 0.688885 0.688879 -1.883220e+07 0.688251 0.688244 -1.871903e+07
0.100000 0.025000 1.000000 50 0.688034 0.692381 0.691054 0.691048 -1.872690e+07 0.691689 0.691683 -1.860264e+07
0.100000 0.050000 1.000000 50 0.689213 0.692857 0.692536 0.692529 -1.862480e+07 0.692959 0.692953 -1.849084e+07
0.100000 0.100000 1.000000 50 0.692093 0.698571 0.695710 0.695702 -1.851350e+07 0.694281 0.694274 -1.837431e+07
0.100000 0.500000 1.000000 50 0.690120 0.692381 0.691372 0.691363 -1.826990e+07 0.689309 0.689300 -1.812702e+07
