0.005000 0.001000 0.001000 50 0.906089 0.897695 0.909421 0.912527 -3.403980e+06 0.908776 0.911832 -3.376429e+06
0.005000 0.001500 0.001000 50 0.906089 0.898415 0.909501 0.912643 -3.403320e+06 0.909018 0.912090 -3.375783e+06
0.005000 0.010000 0.001000 50 0.906557 0.897695 0.910065 0.913320 -3.393230e+06 0.909501 0.912646 -3.365082e+06
0.005000 0.025000 0.001000 50 0.906432 0.898415 0.910146 0.913521 -3.377990e+06 0.910388 0.913700 -3.350576e+06
0.005000 0.050000 0.001000 50 0.906994 0.900576 0.910871 0.914200 -3.359830e+06 0.910146 0.913516 -3.331725e+06
0.005000 0.100000 0.001000 50 0.907244 0.904179 0.910549 0.913858 -3.335030e+06 0.909501 0.912889 -3.307051e+06
0.005000 0.500000 0.001000 50 0.903124 0.887608 0.904908 0.908330 -3.261670e+06 0.904585 0.908042 -3.231788e+06
0.005000 0.001000 0.010000 50 0.912674 0.903458 0.914739 0.917996 -3.397580e+06 0.915062 0.918716 -3.369963e+06
0.005000 0.001500 0.010000 50 0.912518 0.902738 0.914578 0.917771 -3.396900e+06 0.914900 0.918492 -3.369309e+06
0.005000 0.010000 0.010000 50 0.911988 0.902017 0.913289 0.916195 -3.386050e+06 0.912483 0.915440 -3.357439e+06
0.005000 0.025000 0.010000 50 0.911676 0.902017 0.912644 0.915566 -3.369790e+06 0.912725 0.915619 -3.341448e+06
0.005000 0.050000 0.010000 50 0.911364 0.902738 0.912483 0.915394 -3.350810e+06 0.912161 0.915022 -3.322008e+06
0.005000 0.100000 0.010000 50 0.910521 0.904899 0.911919 0.914816 -3.326040e+06 0.912402 0.915299 -3.295647e+06
0.005000 0.500000 0.010000 50 0.906245 0.902738 0.909098 0.911840 -3.254360e+06 0.909743 0.912523 -3.222586e+06
0.005000 0.001000 0.100000 50 0.917075 0.906340 0.921912 0.925362 -3.403170e+06 0.922798 0.926254 -3.369706e+06
0.005000 0.001500 0.100000 50 0.917075 0.907061 0.921750 0.925219 -3.401390e+06 0.922637 0.926104 -3.368990e+06
0.005000 0.010000 0.100000 50 0.916825 0.907781 0.921428 0.924998 -3.389520e+06 0.922314 0.925816 -3.356557e+06
0.005000 0.025000 0.100000 50 0.917356 0.909222 0.921589 0.925149 -3.374050e+06 0.921589 0.925150 -3.339238e+06
0.005000 0.050000 0.100000 50 0.917574 0.907061 0.921025 0.924607 -3.354820e+06 0.922395 0.925945 -3.318960e+06
0.005000 0.100000 0.100000 50 0.917699 0.907061 0.920058 0.923675 -3.329170e+06 0.921750 0.925374 -3.292920e+06
0.005000 0.500000 0.100000 50 0.908742 0.894813 0.911758 0.915753 -3.262340e+06 0.913369 0.917237 -3.221597e+06
0.005000 0.001000 1.000000 50 0.926188 0.906340 0.924249 0.926395 -3.405480e+06 0.927311 0.929333 -3.342388e+06
0.005000 0.001500 1.000000 50 0.926188 0.906340 0.924329 0.926471 -3.405150e+06 0.927391 0.929411 -3.340777e+06
0.005000 0.010000 1.000000 50 0.926438 0.906340 0.923523 0.925768 -3.398530e+06 0.927230 0.929331 -3.330636e+06
0.005000 0.025000 1.000000 50 0.926906 0.904899 0.921912 0.924272 -3.389690e+06 0.927311 0.929462 -3.320281e+06
0.005000 0.050000 1.000000 50 0.926032 0.904899 0.921670 0.924034 -3.380430e+06 0.927230 0.929428 -3.308920e+06
0.005000 0.100000 1.000000 50 0.923535 0.906340 0.919333 0.921878 -3.366510e+06 0.924813 0.927246 -3.293305e+06
0.005000 0.500000 1.000000 50 0.902843 0.876801 0.886695 0.890699 -3.321990e+06 0.904988 0.908458 -3.247787e+06
