0.300000 0.001000 0.001000 50 0.583935 0.605007 0.593171 0.505455 -9.656610e+05 0.579883 0.497363 -9.600120e+05
0.300000 0.001500 0.001000 50 0.583935 0.605007 0.593016 0.505332 -9.655710e+05 0.580037 0.497490 -9.599231e+05
0.300000 0.010000 0.001000 50 0.584020 0.605007 0.595025 0.507113 -9.638870e+05 0.579419 0.497154 -9.581540e+05
0.300000 0.025000 0.001000 50 0.585040 0.600834 0.597342 0.509223 -9.610530e+05 0.580192 0.494839 -9.552717e+05
0.300000 0.050000 0.001000 50 0.588440 0.595271 0.599506 0.511023 -9.565270e+05 0.582355 0.496596 -9.509471e+05
0.300000 0.100000 0.001000 50 0.591330 0.605007 0.600742 0.511894 -9.483700e+05 0.586681 0.500008 -9.427684e+05
0.300000 0.500000 0.001000 50 0.595240 0.613352 0.599815 0.513048 -9.100640e+05 0.595179 0.505694 -9.035596e+05
0.300000 0.001000 0.010000 50 0.575606 0.595271 0.577719 0.515537 -9.640680e+05 0.564431 0.506236 -9.577266e+05
0.300000 0.001500 0.010000 50 0.576201 0.596662 0.578801 0.516631 -9.637490e+05 0.563813 0.505944 -9.572345e+05
0.300000 0.010000 0.010000 50 0.576881 0.595271 0.578646 0.516415 -9.621970e+05 0.563350 0.505453 -9.557020e+05
0.300000 0.025000 0.010000 50 0.578666 0.598053 0.579419 0.517132 -9.592640e+05 0.563041 0.505187 -9.526687e+05
0.300000 0.050000 0.010000 50 0.579261 0.602225 0.580346 0.517812 -9.546400e+05 0.564431 0.506341 -9.479707e+05
0.300000 0.100000 0.010000 50 0.583255 0.603616 0.586527 0.522948 -9.462830e+05 0.567676 0.508716 -9.398110e+05
0.300000 0.500000 0.010000 50 0.598045 0.625869 0.607540 0.539077 -9.080970e+05 0.588535 0.517897 -8.999035e+05
0.300000 0.001000 0.100000 50 0.618870 0.632823 0.626391 0.541881 -9.629270e+05 0.619901 0.548073 -9.537345e+05
0.300000 0.001500 0.100000 50 0.618615 0.634214 0.627318 0.542693 -9.624520e+05 0.620210 0.548322 -9.536419e+05
0.300000 0.010000 0.100000 50 0.620484 0.636996 0.629635 0.544810 -9.604910e+05 0.621137 0.546412 -9.512069e+05
0.300000 0.025000 0.100000 50 0.620654 0.641168 0.631335 0.546107 -9.572480e+05 0.622064 0.547204 -9.479606e+05
0.300000 0.050000 0.100000 50 0.621249 0.645341 0.634116 0.548266 -9.521140e+05 0.622528 0.547408 -9.427967e+05
0.300000 0.100000 0.100000 50 0.621759 0.639777 0.633035 0.547044 -9.431160e+05 0.623764 0.551414 -9.335743e+05
0.300000 0.500000 0.100000 50 0.616745 0.642559 0.634734 0.542904 -9.077610e+05 0.627163 0.541755 -8.956492e+05
0.300000 0.001000 1.000000 50 0.645049 0.659249 0.658838 0.610637 -9.578360e+05 0.642769 0.610878 -9.432696e+05
0.300000 0.001500 1.000000 50 0.644879 0.659249 0.658838 0.610637 -9.578060e+05 0.642923 0.610998 -9.432382e+05
0.300000 0.010000 1.000000 50 0.646919 0.662031 0.659920 0.608345 -9.569530e+05 0.643850 0.611698 -9.420104e+05
0.300000 0.025000 1.000000 50 0.648364 0.659249 0.661310 0.609520 -9.549770e+05 0.644778 0.609164 -9.394104e+05
0.300000 0.050000 1.000000 50 0.650234 0.657858 0.665328 0.609595 -9.513900e+05 0.643850 0.614127 -9.334941e+05
0.300000 0.100000 1.000000 50 0.650234 0.664812 0.659611 0.607685 -9.450930e+05 0.610630 0.605088 -9.249144e+05
0.300000 0.500000 1.000000 50 0.611985 0.620306 0.621755 0.570720 -9.197600e+05 0.613103 0.578200 -8.964978e+05
