0.050000 0.001000 0.001000 50 0.608347 0.609009 0.615445 0.604878 -3.730270e+06 0.616235 0.605188 -3.698713e+06
0.050000 0.001500 0.001000 50 0.611156 0.605405 0.617618 0.606988 -3.728510e+06 0.619001 0.607839 -3.696995e+06
0.050000 0.010000 0.001000 50 0.631380 0.643243 0.639542 0.627746 -3.712990e+06 0.640134 0.628019 -3.681389e+06
0.050000 0.025000 0.001000 50 0.638604 0.659459 0.649615 0.637444 -3.699940e+06 0.653565 0.641080 -3.668031e+06
0.050000 0.050000 0.001000 50 0.639406 0.650450 0.648825 0.636872 -3.687870e+06 0.649417 0.637067 -3.655749e+06
0.050000 0.100000 0.001000 50 0.639647 0.636036 0.649022 0.637384 -3.673800e+06 0.649812 0.637798 -3.641324e+06
0.050000 0.500000 0.001000 50 0.623435 0.619820 0.619001 0.609590 -3.635470e+06 0.623148 0.612800 -3.601467e+06
0.050000 0.001000 0.010000 50 0.641894 0.628829 0.645665 0.634784 -3.726100e+06 0.648232 0.637021 -3.690268e+06
0.050000 0.001500 0.010000 50 0.643098 0.634234 0.646060 0.635164 -3.724190e+06 0.649417 0.638145 -3.688145e+06
0.050000 0.010000 0.010000 50 0.649920 0.657658 0.655935 0.644472 -3.706920e+06 0.657318 0.645754 -3.670688e+06
0.050000 0.025000 0.010000 50 0.648475 0.655856 0.657120 0.645908 -3.693050e+06 0.662453 0.650877 -3.656595e+06
0.050000 0.050000 0.010000 50 0.648957 0.652252 0.662256 0.651526 -3.680230e+06 0.666798 0.655560 -3.643478e+06
0.050000 0.100000 0.010000 50 0.647833 0.639640 0.664033 0.653792 -3.665530e+06 0.669761 0.658850 -3.628384e+06
0.050000 0.500000 0.010000 50 0.630177 0.643243 0.652775 0.642960 -3.627770e+06 0.654948 0.645125 -3.589109e+06
0.050000 0.001000 0.100000 50 0.615088 0.621622 0.618803 0.607027 -3.734790e+06 0.625518 0.614199 -3.694298e+06
0.050000 0.001500 0.100000 50 0.614446 0.619820 0.619198 0.607442 -3.733210e+06 0.626704 0.614916 -3.691240e+06
0.050000 0.010000 0.100000 50 0.621589 0.628829 0.627494 0.616371 -3.718110e+06 0.633814 0.621814 -3.675171e+06
0.050000 0.025000 0.100000 50 0.621429 0.628829 0.631839 0.620543 -3.705760e+06 0.637764 0.625483 -3.661738e+06
0.050000 0.050000 0.100000 50 0.624960 0.636036 0.636382 0.624543 -3.694140e+06 0.642109 0.629632 -3.649363e+06
0.050000 0.100000 0.100000 50 0.628571 0.657658 0.639739 0.628846 -3.680520e+06 0.643492 0.631009 -3.634993e+06
0.050000 0.500000 0.100000 50 0.612921 0.623423 0.615840 0.606196 -3.645210e+06 0.624728 0.613752 -3.598441e+06
0.050000 0.001000 1.000000 50 0.584430 0.610811 0.583844 0.575756 -3.738190e+06 0.590756 0.578655 -3.670309e+06
0.050000 0.001500 1.000000 50 0.586116 0.612613 0.585226 0.576726 -3.737540e+06 0.592534 0.580414 -3.669246e+06
0.050000 0.010000 1.000000 50 0.595265 0.621622 0.594707 0.583720 -3.725990e+06 0.602212 0.589335 -3.657437e+06
0.050000 0.025000 1.000000 50 0.599197 0.630631 0.601620 0.590230 -3.716330e+06 0.608335 0.594328 -3.648869e+06
0.050000 0.050000 1.000000 50 0.604013 0.641441 0.604780 0.592826 -3.708650e+06 0.615445 0.601012 -3.641567e+06
0.050000 0.100000 1.000000 50 0.611236 0.636036 0.609125 0.597132 -3.700850e+06 0.615445 0.600933 -3.633246e+06
0.050000 0.500000 1.000000 50 0.615490 0.618018 0.597669 0.585578 -3.676880e+06 0.626111 0.609094 -3.608760e+06
