0.005000 0.001000 0.001000 50 0.674467 0.682381 0.676401 0.676395 -1.893640e+07 0.677300 0.677295 -1.888821e+07
0.005000 0.001500 0.001000 50 0.674590 0.681905 0.676506 0.676501 -1.893090e+07 0.677247 0.677242 -1.888268e+07
0.005000 0.010000 0.001000 50 0.676416 0.685238 0.677988 0.677983 -1.884920e+07 0.677617 0.677613 -1.879602e+07
0.005000 0.025000 0.001000 50 0.677277 0.687619 0.678993 0.678988 -1.874560e+07 0.678834 0.678829 -1.869149e+07
0.005000 0.050000 0.001000 50 0.677523 0.687619 0.682220 0.682214 -1.863850e+07 0.681479 0.681474 -1.858306e+07
0.005000 0.100000 0.001000 50 0.678180 0.688571 0.683489 0.683484 -1.851480e+07 0.682802 0.682796 -1.845740e+07
0.005000 0.500000 0.001000 50 0.660726 0.674762 0.666296 0.666290 -1.823710e+07 0.667354 0.667348 -1.817577e+07
0.005000 0.001000 0.010000 50 0.679226 0.691905 0.680051 0.680044 -1.892610e+07 0.680527 0.680521 -1.887371e+07
0.005000 0.001500 0.010000 50 0.679226 0.691429 0.680157 0.680150 -1.892070e+07 0.680739 0.680733 -1.886817e+07
0.005000 0.010000 0.010000 50 0.681892 0.691905 0.683066 0.683059 -1.883860e+07 0.682855 0.682848 -1.878562e+07
0.005000 0.025000 0.010000 50 0.683102 0.689524 0.684706 0.684698 -1.873890e+07 0.685711 0.685704 -1.867854e+07
0.005000 0.050000 0.010000 50 0.684763 0.687619 0.687722 0.687713 -1.863470e+07 0.688356 0.688348 -1.857131e+07
0.005000 0.100000 0.010000 50 0.684907 0.685238 0.688515 0.688506 -1.851370e+07 0.688356 0.688347 -1.844789e+07
0.005000 0.500000 0.010000 50 0.676457 0.675238 0.679416 0.679406 -1.823750e+07 0.679522 0.679512 -1.817097e+07
0.005000 0.001000 0.100000 50 0.680702 0.692857 0.681638 0.681631 -1.892810e+07 0.684018 0.684011 -1.885986e+07
0.005000 0.001500 0.100000 50 0.680866 0.692857 0.681849 0.681843 -1.892230e+07 0.684389 0.684382 -1.885400e+07
0.005000 0.010000 0.100000 50 0.681482 0.690476 0.683595 0.683589 -1.882810e+07 0.685817 0.685810 -1.876014e+07
0.005000 0.025000 0.100000 50 0.683799 0.691429 0.687193 0.687185 -1.871920e+07 0.690049 0.690042 -1.864144e+07
0.005000 0.050000 0.100000 50 0.686240 0.691905 0.689256 0.689248 -1.860730e+07 0.691954 0.691946 -1.852931e+07
0.005000 0.100000 0.100000 50 0.687491 0.688095 0.690525 0.690517 -1.848990e+07 0.693223 0.693215 -1.840396e+07
0.005000 0.500000 0.100000 50 0.673934 0.680000 0.677988 0.677976 -1.821690e+07 0.678570 0.678558 -1.813049e+07
0.005000 0.001000 1.000000 50 0.678056 0.687619 0.677882 0.677876 -1.892910e+07 0.677935 0.677930 -1.882530e+07
0.005000 0.001500 1.000000 50 0.678056 0.686667 0.677935 0.677929 -1.892330e+07 0.677935 0.677931 -1.881948e+07
0.005000 0.010000 1.000000 50 0.677216 0.684286 0.675237 0.675232 -1.883600e+07 0.678675 0.678672 -1.872590e+07
0.005000 0.025000 1.000000 50 0.680066 0.685714 0.679945 0.679940 -1.873390e+07 0.680527 0.680522 -1.860868e+07
0.005000 0.050000 1.000000 50 0.688701 0.691429 0.693117 0.693109 -1.863250e+07 0.686769 0.686764 -1.849464e+07
0.005000 0.100000 1.000000 50 0.688558 0.694286 0.695181 0.695172 -1.851940e+07 0.691689 0.691682 -1.837307e+07
0.005000 0.500000 1.000000 50 0.675493 0.674762 0.679204 0.679194 -1.827330e+07 0.680844 0.680834 -1.811888e+07
