0.200000 0.001000 0.001000 50 0.573628 0.593880 0.571693 0.482922 -9.649830e+05 0.564122 0.479466 -9.593261e+05
0.200000 0.001500 0.001000 50 0.573702 0.593880 0.571848 0.483046 -9.648920e+05 0.564277 0.479589 -9.592374e+05
0.200000 0.010000 0.001000 50 0.573256 0.595271 0.571539 0.482816 -9.630500e+05 0.563968 0.479320 -9.574481e+05
0.200000 0.025000 0.001000 50 0.573405 0.591099 0.571693 0.482789 -9.602220e+05 0.564431 0.479621 -9.545703e+05
0.200000 0.050000 0.001000 50 0.574967 0.592490 0.574475 0.485076 -9.558760e+05 0.567367 0.479024 -9.502874e+05
0.200000 0.100000 0.001000 50 0.574967 0.595271 0.580346 0.489887 -9.476750e+05 0.571230 0.482147 -9.421871e+05
0.200000 0.500000 0.001000 50 0.591403 0.617524 0.594098 0.500751 -9.101900e+05 0.589771 0.497251 -9.036054e+05
0.200000 0.001000 0.010000 50 0.567901 0.567455 0.575711 0.524701 -9.630100e+05 0.567831 0.517781 -9.565686e+05
0.200000 0.001500 0.010000 50 0.567827 0.567455 0.575865 0.524857 -9.629190e+05 0.567985 0.517904 -9.564785e+05
0.200000 0.010000 0.010000 50 0.566488 0.564673 0.575093 0.527238 -9.611190e+05 0.565358 0.518845 -9.545623e+05
0.200000 0.025000 0.010000 50 0.568347 0.568846 0.575402 0.524437 -9.584200e+05 0.566749 0.519948 -9.518766e+05
0.200000 0.050000 0.010000 50 0.569017 0.566064 0.577256 0.529032 -9.537800e+05 0.569067 0.518785 -9.471889e+05
0.200000 0.100000 0.010000 50 0.574743 0.570236 0.581737 0.526428 -9.455100e+05 0.572311 0.524471 -9.388316e+05
0.200000 0.500000 0.010000 50 0.591031 0.607789 0.602441 0.534862 -9.079900e+05 0.596724 0.542073 -8.999945e+05
0.200000 0.001000 0.100000 50 0.603748 0.618915 0.613257 0.522260 -9.625110e+05 0.608622 0.521412 -9.534151e+05
0.200000 0.001500 0.100000 50 0.603748 0.620306 0.613257 0.522260 -9.624150e+05 0.608776 0.521539 -9.533222e+05
0.200000 0.010000 0.100000 50 0.603823 0.620306 0.614802 0.526688 -9.600510e+05 0.610785 0.523402 -9.508900e+05
0.200000 0.025000 0.100000 50 0.604492 0.625869 0.615111 0.527000 -9.568010e+05 0.611867 0.524287 -9.476291e+05
0.200000 0.050000 0.100000 50 0.604418 0.625869 0.616502 0.525011 -9.517180e+05 0.615266 0.527191 -9.424571e+05
0.200000 0.100000 0.100000 50 0.604790 0.621697 0.619747 0.533884 -9.428000e+05 0.617274 0.531764 -9.331738e+05
0.200000 0.500000 0.100000 50 0.608582 0.625869 0.624073 0.543256 -9.078930e+05 0.620210 0.536937 -8.957213e+05
0.200000 0.001000 1.000000 50 0.630894 0.632823 0.633962 0.587872 -9.573510e+05 0.616038 0.581320 -9.429549e+05
0.200000 0.001500 1.000000 50 0.631340 0.630042 0.636279 0.592947 -9.571960e+05 0.615884 0.581295 -9.423706e+05
0.200000 0.010000 1.000000 50 0.631191 0.631433 0.634734 0.588626 -9.564660e+05 0.616038 0.581441 -9.410488e+05
0.200000 0.025000 1.000000 50 0.631043 0.636996 0.634734 0.591717 -9.544650e+05 0.615420 0.580825 -9.383040e+05
0.200000 0.050000 1.000000 50 0.629109 0.621697 0.632880 0.590416 -9.509390e+05 0.614184 0.576435 -9.334973e+05
0.200000 0.100000 1.000000 50 0.626506 0.635605 0.629635 0.584608 -9.448630e+05 0.615420 0.580475 -9.248699e+05
0.200000 0.500000 1.000000 50 0.623754 0.638387 0.622528 0.575897 -9.202410e+05 0.593325 0.582424 -8.967324e+05
