0.700000 0.001000 0.001000 50 0.611816 0.641168 0.616965 0.548321 -9.690170e+05 0.603832 0.537458 -9.628233e+05
0.700000 0.001500 0.001000 50 0.611816 0.641168 0.616965 0.548321 -9.689270e+05 0.603832 0.537458 -9.627345e+05
0.700000 0.010000 0.001000 50 0.614790 0.639777 0.619129 0.550150 -9.671230e+05 0.604295 0.540860 -9.609996e+05
0.700000 0.025000 0.001000 50 0.613600 0.641168 0.618047 0.549091 -9.644130e+05 0.604604 0.541209 -9.583415e+05
0.700000 0.050000 0.001000 50 0.612213 0.634214 0.616656 0.547827 -9.598440e+05 0.604759 0.541280 -9.537967e+05
0.700000 0.100000 0.001000 50 0.613006 0.625869 0.615420 0.546699 -9.514220e+05 0.602750 0.536292 -9.454556e+05
0.700000 0.500000 0.001000 50 0.614195 0.631433 0.620519 0.547879 -9.108560e+05 0.610321 0.542344 -9.046059e+05
0.700000 0.001000 0.010000 50 0.615583 0.610570 0.629790 0.540034 -9.682590e+05 0.612021 0.540297 -9.610875e+05
0.700000 0.001500 0.010000 50 0.615781 0.610570 0.629635 0.539910 -9.681710e+05 0.611867 0.540173 -9.610012e+05
0.700000 0.010000 0.010000 50 0.614988 0.616134 0.629326 0.536478 -9.664530e+05 0.611094 0.539468 -9.591728e+05
0.700000 0.025000 0.010000 50 0.614195 0.621697 0.629944 0.537044 -9.636130e+05 0.611094 0.539477 -9.565631e+05
0.700000 0.050000 0.010000 50 0.613600 0.624478 0.630871 0.540750 -9.592450e+05 0.612021 0.534397 -9.519425e+05
0.700000 0.100000 0.010000 50 0.611816 0.630042 0.630871 0.540413 -9.508500e+05 0.611557 0.534092 -9.434952e+05
0.700000 0.500000 0.010000 50 0.610428 0.609179 0.623918 0.534220 -9.105170e+05 0.615420 0.530488 -9.027824e+05
0.700000 0.001000 0.100000 50 0.626883 0.653686 0.644468 0.558754 -9.660400e+05 0.622837 0.552124 -9.569184e+05
0.700000 0.001500 0.100000 50 0.627082 0.653686 0.644623 0.558909 -9.659440e+05 0.625309 0.551224 -9.564120e+05
0.700000 0.010000 0.100000 50 0.627478 0.655076 0.646786 0.560724 -9.636710e+05 0.627009 0.549647 -9.544597e+05
0.700000 0.025000 0.100000 50 0.626685 0.652295 0.647559 0.561610 -9.604830e+05 0.629790 0.552106 -9.512913e+05
0.700000 0.050000 0.100000 50 0.628866 0.657858 0.649258 0.563305 -9.554310e+05 0.632726 0.554715 -9.462924e+05
0.700000 0.100000 0.100000 50 0.629659 0.653686 0.651112 0.562040 -9.464660e+05 0.636125 0.557972 -9.372654e+05
0.700000 0.500000 0.100000 50 0.625496 0.656467 0.645087 0.542456 -9.090760e+05 0.634425 0.551427 -8.976782e+05
0.700000 0.001000 1.000000 50 0.707573 0.724618 0.715544 0.607300 -9.603500e+05 0.621137 0.592807 -9.480153e+05
0.700000 0.001500 1.000000 50 0.710349 0.726008 0.718634 0.609818 -9.600050e+05 0.622837 0.597158 -9.473749e+05
0.700000 0.010000 1.000000 50 0.711935 0.723227 0.716934 0.608422 -9.591760e+05 0.624382 0.601377 -9.451215e+05
0.700000 0.025000 1.000000 50 0.714909 0.723227 0.719870 0.610760 -9.569010e+05 0.625464 0.602572 -9.419136e+05
0.700000 0.050000 1.000000 50 0.716495 0.719054 0.718480 0.609305 -9.529520e+05 0.626545 0.598146 -9.376625e+05
0.700000 0.100000 1.000000 50 0.671689 0.695410 0.683096 0.584118 -9.484030e+05 0.635970 0.592683 -9.301864e+05
0.700000 0.500000 1.000000 50 0.672482 0.677330 0.668881 0.566727 -9.204630e+05 0.655284 0.576858 -8.997412e+05
