0.100000 0.001000 0.001000 50 0.678647 0.685238 0.681162 0.681155 -1.893510e+07 0.679416 0.679410 -1.888752e+07
0.100000 0.001500 0.001000 50 0.678964 0.684762 0.681268 0.681261 -1.892950e+07 0.679680 0.679674 -1.888187e+07
0.100000 0.010000 0.001000 50 0.679644 0.687143 0.681426 0.681420 -1.884390e+07 0.680580 0.680574 -1.879346e+07
0.100000 0.025000 0.001000 50 0.680756 0.690000 0.684442 0.684436 -1.874150e+07 0.683489 0.683484 -1.868839e+07
0.100000 0.050000 0.001000 50 0.683046 0.694286 0.687774 0.687768 -1.863430e+07 0.686082 0.686075 -1.857978e+07
0.100000 0.100000 0.001000 50 0.684656 0.696190 0.688145 0.688138 -1.851040e+07 0.687245 0.687239 -1.845408e+07
0.100000 0.500000 0.001000 50 0.677377 0.685714 0.680686 0.680678 -1.823000e+07 0.680686 0.680678 -1.816975e+07
0.100000 0.001000 0.010000 50 0.683522 0.691905 0.685500 0.685492 -1.892400e+07 0.685605 0.685598 -1.886872e+07
0.100000 0.001500 0.010000 50 0.683635 0.692381 0.685711 0.685704 -1.891840e+07 0.685658 0.685651 -1.886267e+07
0.100000 0.010000 0.010000 50 0.685789 0.692857 0.687087 0.687079 -1.883550e+07 0.687774 0.687767 -1.877893e+07
0.100000 0.025000 0.010000 50 0.687558 0.693810 0.689150 0.689142 -1.873210e+07 0.689838 0.689830 -1.867687e+07
0.100000 0.050000 0.010000 50 0.689531 0.689524 0.691213 0.691205 -1.862690e+07 0.691636 0.691628 -1.856884e+07
0.100000 0.100000 0.010000 50 0.690506 0.690952 0.692536 0.692527 -1.850420e+07 0.692853 0.692845 -1.844364e+07
0.100000 0.500000 0.010000 50 0.684860 0.682857 0.686452 0.686443 -1.822840e+07 0.686082 0.686072 -1.816032e+07
0.100000 0.001000 0.100000 50 0.683998 0.687619 0.686769 0.686762 -1.893350e+07 0.688039 0.688032 -1.887134e+07
0.100000 0.001500 0.100000 50 0.683862 0.687619 0.686981 0.686974 -1.892800e+07 0.688198 0.688190 -1.886569e+07
0.100000 0.010000 0.100000 50 0.684950 0.686667 0.689309 0.689301 -1.884040e+07 0.690261 0.690253 -1.877627e+07
0.100000 0.025000 0.100000 50 0.687354 0.687619 0.691583 0.691576 -1.872560e+07 0.691213 0.691205 -1.865601e+07
0.100000 0.050000 0.100000 50 0.687853 0.687143 0.691954 0.691946 -1.861170e+07 0.692218 0.692210 -1.853723e+07
0.100000 0.100000 0.100000 50 0.688238 0.689524 0.691001 0.690994 -1.848500e+07 0.691213 0.691205 -1.840619e+07
0.100000 0.500000 0.100000 50 0.682139 0.691905 0.683966 0.683959 -1.821790e+07 0.683542 0.683535 -1.813313e+07
0.100000 0.001000 1.000000 50 0.683953 0.690000 0.687669 0.687662 -1.892690e+07 0.687986 0.687980 -1.882505e+07
0.100000 0.001500 1.000000 50 0.684157 0.690000 0.688145 0.688138 -1.892100e+07 0.687933 0.687927 -1.881910e+07
0.100000 0.010000 1.000000 50 0.686198 0.691905 0.689203 0.689196 -1.883250e+07 0.689573 0.689566 -1.872356e+07
0.100000 0.025000 1.000000 50 0.688442 0.692857 0.692694 0.692687 -1.872900e+07 0.692324 0.692316 -1.860579e+07
0.100000 0.050000 1.000000 50 0.689939 0.690952 0.695815 0.695808 -1.862480e+07 0.694757 0.694750 -1.849079e+07
0.100000 0.100000 1.000000 50 0.691776 0.695238 0.698778 0.698769 -1.850990e+07 0.698831 0.698822 -1.836554e+07
0.100000 0.500000 1.000000 50 0.689780 0.695238 0.693117 0.693105 -1.825070e+07 0.693065 0.693052 -1.810462e+07
