0.700000 0.001000 0.001000 50 0.932216 0.924352 0.934161 0.935920 -3.406940e+06 0.929084 0.930693 -3.377951e+06
0.700000 0.001500 0.001000 50 0.932009 0.924352 0.934161 0.935920 -3.406210e+06 0.929084 0.930693 -3.377215e+06
0.700000 0.010000 0.001000 50 0.932009 0.925072 0.933919 0.935678 -3.394650e+06 0.928761 0.930394 -3.366097e+06
0.700000 0.025000 0.001000 50 0.931491 0.925072 0.933435 0.935111 -3.378760e+06 0.929084 0.930725 -3.350020e+06
0.700000 0.050000 0.001000 50 0.931284 0.925072 0.933032 0.934645 -3.360180e+06 0.929406 0.931055 -3.331232e+06
0.700000 0.100000 0.001000 50 0.931077 0.922190 0.932710 0.934206 -3.335490e+06 0.929084 0.930847 -3.305722e+06
0.700000 0.500000 0.001000 50 0.929215 0.917867 0.928681 0.929964 -3.261620e+06 0.926344 0.927885 -3.230482e+06
0.700000 0.001000 0.010000 50 0.930560 0.925793 0.933758 0.936052 -3.400310e+06 0.929406 0.932141 -3.372771e+06
0.700000 0.001500 0.010000 50 0.930663 0.925793 0.933677 0.935976 -3.399600e+06 0.929325 0.932064 -3.372048e+06
0.700000 0.010000 0.010000 50 0.930456 0.926513 0.934000 0.936319 -3.388060e+06 0.929728 0.932481 -3.359923e+06
0.700000 0.025000 0.010000 50 0.930042 0.927233 0.933919 0.936297 -3.371880e+06 0.930131 0.932890 -3.343549e+06
0.700000 0.050000 0.010000 50 0.930249 0.926513 0.934564 0.936989 -3.351500e+06 0.929970 0.932833 -3.322357e+06
0.700000 0.100000 0.010000 50 0.929525 0.924352 0.934161 0.936617 -3.325350e+06 0.929406 0.932214 -3.295696e+06
0.700000 0.500000 0.010000 50 0.929318 0.921470 0.930212 0.932629 -3.251110e+06 0.926505 0.929339 -3.219584e+06
0.700000 0.001000 0.100000 50 0.933975 0.925793 0.938351 0.940738 -3.405220e+06 0.935208 0.937993 -3.371119e+06
0.700000 0.001500 0.100000 50 0.933975 0.925793 0.938351 0.940738 -3.404490e+06 0.935289 0.938069 -3.370382e+06
0.700000 0.010000 0.100000 50 0.934078 0.924352 0.938351 0.940767 -3.391750e+06 0.935208 0.938088 -3.357256e+06
0.700000 0.025000 0.100000 50 0.934492 0.922190 0.938190 0.940644 -3.374310e+06 0.935450 0.938353 -3.340237e+06
0.700000 0.050000 0.100000 50 0.934389 0.923631 0.938915 0.941343 -3.354740e+06 0.935934 0.938798 -3.318849e+06
0.700000 0.100000 0.100000 50 0.934285 0.917867 0.938674 0.941047 -3.330010e+06 0.936337 0.939097 -3.292792e+06
0.700000 0.500000 0.100000 50 0.932009 0.918588 0.935531 0.937655 -3.261640e+06 0.932549 0.934983 -3.222483e+06
0.700000 0.001000 1.000000 50 0.948360 0.943084 0.947457 0.949090 -3.405050e+06 0.945846 0.947914 -3.342188e+06
0.700000 0.001500 1.000000 50 0.948256 0.943084 0.947457 0.949090 -3.404690e+06 0.945765 0.947847 -3.341865e+06
0.700000 0.010000 1.000000 50 0.947739 0.943084 0.947619 0.949248 -3.398340e+06 0.945443 0.947589 -3.332227e+06
0.700000 0.025000 1.000000 50 0.947532 0.940202 0.946410 0.948102 -3.388860e+06 0.944798 0.947102 -3.320072e+06
0.700000 0.050000 1.000000 50 0.947118 0.938040 0.944718 0.946424 -3.377180e+06 0.944153 0.946512 -3.304090e+06
0.700000 0.100000 1.000000 50 0.945773 0.933718 0.945523 0.947282 -3.360270e+06 0.941252 0.942906 -3.285342e+06
0.700000 0.500000 1.000000 50 0.939770 0.914986 0.932227 0.933443 -3.311970e+06 0.933677 0.935565 -3.237035e+06
