0.300000 0.001000 0.001000 50 0.921173 0.909942 0.925054 0.927898 -3.404460e+06 0.921831 0.924769 -3.375405e+06
0.300000 0.001500 0.001000 50 0.921262 0.910663 0.924893 0.927745 -3.403250e+06 0.921831 0.924769 -3.374683e+06
0.300000 0.010000 0.001000 50 0.921528 0.909942 0.925054 0.927904 -3.392340e+06 0.921831 0.924803 -3.363149e+06
0.300000 0.025000 0.001000 50 0.921794 0.907781 0.925296 0.928187 -3.376510e+06 0.922153 0.925169 -3.347715e+06
0.300000 0.050000 0.001000 50 0.921262 0.906340 0.924329 0.927310 -3.357570e+06 0.921750 0.924898 -3.328049e+06
0.300000 0.100000 0.001000 50 0.921129 0.907061 0.923846 0.926900 -3.331760e+06 0.921509 0.924719 -3.302307e+06
0.300000 0.500000 0.001000 50 0.920729 0.907781 0.920783 0.923792 -3.256930e+06 0.919252 0.922433 -3.226314e+06
0.300000 0.001000 0.010000 50 0.930444 0.919308 0.933758 0.936517 -3.397040e+06 0.930131 0.933216 -3.370144e+06
0.300000 0.001500 0.010000 50 0.930444 0.919308 0.933838 0.936626 -3.396280e+06 0.930373 0.933456 -3.369388e+06
0.300000 0.010000 0.010000 50 0.930355 0.920029 0.934080 0.936921 -3.384250e+06 0.930373 0.933428 -3.356757e+06
0.300000 0.025000 0.010000 50 0.931109 0.920749 0.934322 0.937123 -3.367780e+06 0.930615 0.933637 -3.339998e+06
0.300000 0.050000 0.010000 50 0.931243 0.920749 0.933677 0.936487 -3.347330e+06 0.931260 0.934351 -3.318634e+06
0.300000 0.100000 0.010000 50 0.931819 0.922190 0.934161 0.936936 -3.321370e+06 0.931743 0.934768 -3.291945e+06
0.300000 0.500000 0.010000 50 0.929025 0.920029 0.931098 0.933584 -3.247940e+06 0.931824 0.934373 -3.216960e+06
0.300000 0.001000 0.100000 50 0.927161 0.915706 0.931824 0.934782 -3.401950e+06 0.931179 0.934306 -3.370512e+06
0.300000 0.001500 0.100000 50 0.927206 0.916427 0.931582 0.934555 -3.401190e+06 0.931179 0.934310 -3.368554e+06
0.300000 0.010000 0.100000 50 0.927472 0.914986 0.931743 0.934738 -3.388310e+06 0.930454 0.933650 -3.356364e+06
0.300000 0.025000 0.100000 50 0.928004 0.916427 0.932065 0.935126 -3.370760e+06 0.930454 0.933687 -3.338119e+06
0.300000 0.050000 0.100000 50 0.925077 0.911383 0.928761 0.930968 -3.350880e+06 0.927794 0.930137 -3.316381e+06
0.300000 0.100000 0.100000 50 0.924589 0.909222 0.928923 0.931029 -3.326020e+06 0.928036 0.930383 -3.290433e+06
0.300000 0.500000 0.100000 50 0.924189 0.912824 0.926263 0.927899 -3.259010e+06 0.926263 0.928139 -3.219832e+06
0.300000 0.001000 1.000000 50 0.939937 0.925072 0.935934 0.938328 -3.405310e+06 0.939238 0.941826 -3.342546e+06
0.300000 0.001500 1.000000 50 0.939937 0.925793 0.935934 0.938329 -3.404950e+06 0.939238 0.941834 -3.340781e+06
0.300000 0.010000 1.000000 50 0.939937 0.925072 0.935772 0.938188 -3.398400e+06 0.938996 0.941614 -3.330818e+06
0.300000 0.025000 1.000000 50 0.940159 0.925072 0.936014 0.938516 -3.387190e+06 0.939399 0.942073 -3.314022e+06
0.300000 0.050000 1.000000 50 0.940248 0.925072 0.935531 0.937995 -3.373680e+06 0.938835 0.941565 -3.297624e+06
0.300000 0.100000 1.000000 50 0.939893 0.922911 0.935369 0.937986 -3.357090e+06 0.938351 0.941165 -3.279449e+06
0.300000 0.500000 1.000000 50 0.935501 0.908501 0.925457 0.928293 -3.309620e+06 0.932227 0.935433 -3.233387e+06
