0.300000 0.001000 0.001000 50 0.671858 0.657658 0.674699 0.663395 -3.728530e+06 0.666403 0.654620 -3.697658e+06
0.300000 0.001500 0.001000 50 0.672294 0.659459 0.674896 0.663575 -3.726720e+06 0.666601 0.654791 -3.695380e+06
0.300000 0.010000 0.001000 50 0.676759 0.661261 0.684574 0.673921 -3.710910e+06 0.674896 0.663708 -3.679064e+06
0.300000 0.025000 0.001000 50 0.678393 0.673874 0.682599 0.671896 -3.698080e+06 0.676081 0.665026 -3.666146e+06
0.300000 0.050000 0.001000 50 0.681660 0.679279 0.682599 0.672060 -3.685840e+06 0.679439 0.668162 -3.653953e+06
0.300000 0.100000 0.001000 50 0.681769 0.684685 0.680624 0.669524 -3.671520e+06 0.676674 0.664535 -3.639483e+06
0.300000 0.500000 0.001000 50 0.669898 0.655856 0.665021 0.652744 -3.632370e+06 0.668378 0.655928 -3.598596e+06
0.300000 0.001000 0.010000 50 0.687541 0.717117 0.695042 0.686626 -3.725860e+06 0.692475 0.683385 -3.691304e+06
0.300000 0.001500 0.010000 50 0.689501 0.715315 0.695437 0.686968 -3.724100e+06 0.692870 0.683655 -3.689512e+06
0.300000 0.010000 0.010000 50 0.693095 0.702703 0.700375 0.691372 -3.707810e+06 0.697610 0.688246 -3.672752e+06
0.300000 0.025000 0.010000 50 0.693749 0.709910 0.700968 0.691215 -3.693900e+06 0.698005 0.688267 -3.658562e+06
0.300000 0.050000 0.010000 50 0.694184 0.697297 0.701165 0.690702 -3.681060e+06 0.698400 0.687981 -3.645506e+06
0.300000 0.100000 0.010000 50 0.692115 0.700901 0.702943 0.692586 -3.666360e+06 0.698795 0.687979 -3.630564e+06
0.300000 0.500000 0.010000 50 0.677739 0.704505 0.681809 0.670611 -3.628250e+06 0.684377 0.672830 -3.591265e+06
0.300000 0.001000 0.100000 50 0.684709 0.688288 0.687537 0.676061 -3.731800e+06 0.675686 0.664238 -3.689855e+06
0.300000 0.001500 0.100000 50 0.684818 0.691892 0.688130 0.676748 -3.729990e+06 0.676279 0.664975 -3.688004e+06
0.300000 0.010000 0.100000 50 0.689501 0.693694 0.686549 0.676414 -3.714270e+06 0.677661 0.667549 -3.670259e+06
0.300000 0.025000 0.100000 50 0.691788 0.700901 0.687142 0.676959 -3.701840e+06 0.679834 0.669886 -3.656748e+06
0.300000 0.050000 0.100000 50 0.688957 0.702703 0.693067 0.682813 -3.690400e+06 0.680822 0.669632 -3.645107e+06
0.300000 0.100000 0.100000 50 0.684382 0.700901 0.689315 0.678434 -3.677740e+06 0.679637 0.668086 -3.630712e+06
0.300000 0.500000 0.100000 50 0.661294 0.673874 0.667193 0.656554 -3.641850e+06 0.663441 0.651845 -3.592848e+06
0.300000 0.001000 1.000000 50 0.649532 0.686486 0.669366 0.660072 -3.734630e+06 0.654750 0.643591 -3.663239e+06
0.300000 0.001500 1.000000 50 0.650621 0.684685 0.669761 0.660339 -3.733610e+06 0.656923 0.645422 -3.662283e+06
0.300000 0.010000 1.000000 50 0.653235 0.666667 0.674106 0.663822 -3.722950e+06 0.660873 0.648166 -3.651801e+06
0.300000 0.025000 1.000000 50 0.654977 0.670270 0.678649 0.668414 -3.714030e+06 0.664823 0.651693 -3.642257e+06
0.300000 0.050000 1.000000 50 0.652254 0.675676 0.678254 0.667528 -3.706440e+06 0.660873 0.646754 -3.636005e+06
0.300000 0.100000 1.000000 50 0.652363 0.668468 0.667193 0.656051 -3.697620e+06 0.663638 0.649721 -3.627553e+06
0.300000 0.500000 1.000000 50 0.651274 0.623423 0.636382 0.624561 -3.671570e+06 0.655935 0.640757 -3.604460e+06
