0.300000 0.001000 0.001000 50 0.667502 0.670270 0.672329 0.665540 -3.728100e+06 0.671736 0.664799 -3.696575e+06
0.300000 0.001500 0.001000 50 0.667393 0.675676 0.673711 0.666784 -3.726280e+06 0.671341 0.664442 -3.694798e+06
0.300000 0.010000 0.001000 50 0.674254 0.679279 0.677069 0.669497 -3.711190e+06 0.671736 0.664116 -3.679348e+06
0.300000 0.025000 0.001000 50 0.676105 0.690090 0.679834 0.671710 -3.698360e+06 0.677859 0.669754 -3.665881e+06
0.300000 0.050000 0.001000 50 0.676214 0.691892 0.678452 0.669927 -3.686020e+06 0.678056 0.669922 -3.653387e+06
0.300000 0.100000 0.001000 50 0.671967 0.684685 0.677661 0.668596 -3.671440e+06 0.675094 0.665931 -3.638596e+06
0.300000 0.500000 0.001000 50 0.661512 0.664865 0.664823 0.654273 -3.631920e+06 0.663441 0.652178 -3.597957e+06
0.300000 0.001000 0.010000 50 0.649205 0.693694 0.665613 0.659612 -3.728690e+06 0.659490 0.653062 -3.694769e+06
0.300000 0.001500 0.010000 50 0.649423 0.691892 0.664428 0.658548 -3.726950e+06 0.658305 0.651759 -3.692938e+06
0.300000 0.010000 0.010000 50 0.658135 0.700901 0.675094 0.669205 -3.711240e+06 0.667193 0.660869 -3.676574e+06
0.300000 0.025000 0.010000 50 0.661838 0.690090 0.675884 0.669770 -3.698260e+06 0.668971 0.662158 -3.663048e+06
0.300000 0.050000 0.010000 50 0.660967 0.688288 0.673514 0.666520 -3.685550e+06 0.671736 0.664173 -3.650016e+06
0.300000 0.100000 0.010000 50 0.664670 0.682883 0.672131 0.664594 -3.671020e+06 0.670749 0.662585 -3.635030e+06
0.300000 0.500000 0.010000 50 0.649532 0.666667 0.655540 0.647334 -3.632800e+06 0.654158 0.645389 -3.595309e+06
0.300000 0.001000 0.100000 50 0.679591 0.688288 0.693265 0.687066 -3.729640e+06 0.685957 0.679521 -3.688660e+06
0.300000 0.001500 0.100000 50 0.680897 0.688288 0.694450 0.688268 -3.727640e+06 0.684179 0.677655 -3.686671e+06
0.300000 0.010000 0.100000 50 0.682204 0.679279 0.694450 0.688970 -3.710020e+06 0.684574 0.678731 -3.666629e+06
0.300000 0.025000 0.100000 50 0.685689 0.679279 0.694647 0.688768 -3.696660e+06 0.684377 0.677404 -3.653678e+06
0.300000 0.050000 0.100000 50 0.686887 0.682883 0.696623 0.689839 -3.684910e+06 0.687537 0.680055 -3.641261e+06
0.300000 0.100000 0.100000 50 0.681878 0.684685 0.691685 0.684485 -3.672410e+06 0.686747 0.678310 -3.627351e+06
0.300000 0.500000 0.100000 50 0.671858 0.666667 0.677069 0.668211 -3.638200e+06 0.676674 0.667293 -3.591517e+06
0.300000 0.001000 1.000000 50 0.678610 0.722523 0.692277 0.682022 -3.735280e+06 0.690697 0.679015 -3.663731e+06
0.300000 0.001500 1.000000 50 0.679591 0.722523 0.694055 0.683828 -3.734290e+06 0.691882 0.680143 -3.662801e+06
0.300000 0.010000 1.000000 50 0.684056 0.724324 0.698598 0.687966 -3.726440e+06 0.693265 0.681489 -3.652283e+06
0.300000 0.025000 1.000000 50 0.689283 0.724324 0.701758 0.691190 -3.716350e+06 0.700968 0.688958 -3.638896e+06
0.300000 0.050000 1.000000 50 0.692333 0.724324 0.699585 0.688972 -3.707390e+06 0.703930 0.690936 -3.629988e+06
0.300000 0.100000 1.000000 50 0.690917 0.715315 0.695635 0.683474 -3.697110e+06 0.701758 0.688193 -3.621865e+06
0.300000 0.500000 1.000000 50 0.689719 0.699099 0.684969 0.669666 -3.674750e+06 0.699783 0.683705 -3.598058e+06
