0.010000 0.001000 0.001000 50 0.901788 0.888329 0.906358 0.909521 -3.407920e+06 0.906761 0.909864 -3.379478e+06
0.010000 0.001500 0.001000 50 0.901851 0.889049 0.906519 0.909692 -3.406690e+06 0.906842 0.909975 -3.378749e+06
0.010000 0.010000 0.001000 50 0.901035 0.887608 0.906600 0.909761 -3.395810e+06 0.906842 0.909990 -3.367244e+06
0.010000 0.025000 0.001000 50 0.900408 0.891210 0.906681 0.909901 -3.380540e+06 0.906922 0.910058 -3.352315e+06
0.010000 0.050000 0.001000 50 0.900314 0.891210 0.906600 0.909829 -3.362810e+06 0.906358 0.909485 -3.333746e+06
0.010000 0.100000 0.001000 50 0.908124 0.896974 0.912322 0.914980 -3.339070e+06 0.912483 0.915094 -3.309663e+06
0.010000 0.500000 0.001000 50 0.905238 0.892651 0.910146 0.912665 -3.265330e+06 0.910549 0.913086 -3.234615e+06
0.010000 0.001000 0.010000 50 0.908940 0.900576 0.910146 0.913058 -3.396210e+06 0.911435 0.914274 -3.369700e+06
0.010000 0.001500 0.010000 50 0.908971 0.900576 0.910146 0.913058 -3.395500e+06 0.911516 0.914351 -3.368981e+06
0.010000 0.010000 0.010000 50 0.908971 0.900576 0.910146 0.913082 -3.384550e+06 0.911113 0.914002 -3.357010e+06
0.010000 0.025000 0.010000 50 0.908971 0.899856 0.910791 0.913727 -3.368250e+06 0.911596 0.914476 -3.340904e+06
0.010000 0.050000 0.010000 50 0.909442 0.898415 0.911193 0.914168 -3.348940e+06 0.911274 0.914190 -3.320015e+06
0.010000 0.100000 0.010000 50 0.909536 0.901297 0.911677 0.914723 -3.323440e+06 0.912080 0.915034 -3.293762e+06
0.010000 0.500000 0.010000 50 0.909253 0.892651 0.910307 0.913304 -3.248740e+06 0.911435 0.914442 -3.217556e+06
0.010000 0.001000 0.100000 50 0.898588 0.891931 0.902490 0.905793 -3.403790e+06 0.903296 0.906599 -3.370153e+06
0.010000 0.001500 0.100000 50 0.898557 0.891931 0.902651 0.905970 -3.403120e+06 0.903215 0.906521 -3.369447e+06
0.010000 0.010000 0.100000 50 0.898745 0.890490 0.902490 0.905879 -3.391110e+06 0.903135 0.906472 -3.357111e+06
0.010000 0.025000 0.100000 50 0.898400 0.890490 0.901201 0.904656 -3.374500e+06 0.902168 0.905595 -3.340833e+06
0.010000 0.050000 0.100000 50 0.897647 0.888329 0.900637 0.904225 -3.355770e+06 0.902087 0.905631 -3.320071e+06
0.010000 0.100000 0.100000 50 0.896424 0.885447 0.898541 0.902255 -3.331890e+06 0.901362 0.904933 -3.294970e+06
0.010000 0.500000 0.100000 50 0.902666 0.893372 0.901362 0.904741 -3.264620e+06 0.904747 0.907946 -3.224869e+06
0.010000 0.001000 1.000000 50 0.928450 0.913545 0.922959 0.925559 -3.402860e+06 0.926263 0.928662 -3.340666e+06
0.010000 0.001500 1.000000 50 0.928858 0.914986 0.923926 0.926590 -3.402480e+06 0.926183 0.928606 -3.339020e+06
0.010000 0.010000 1.000000 50 0.929486 0.914986 0.923846 0.926725 -3.395730e+06 0.928197 0.930814 -3.331051e+06
0.010000 0.025000 1.000000 50 0.930238 0.911383 0.924651 0.927622 -3.388780e+06 0.929970 0.932810 -3.320093e+06
0.010000 0.050000 1.000000 50 0.929517 0.912104 0.923926 0.927003 -3.379000e+06 0.930695 0.933673 -3.305288e+06
0.010000 0.100000 1.000000 50 0.930238 0.908501 0.925377 0.928499 -3.362030e+06 0.931340 0.934428 -3.285881e+06
0.010000 0.500000 1.000000 50 0.922992 0.891210 0.907889 0.911760 -3.313750e+06 0.922395 0.926034 -3.238678e+06
