0.050000 0.001000 0.001000 50 0.913706 0.908501 0.917802 0.921093 -3.403470e+06 0.916109 0.919420 -3.374704e+06
0.050000 0.001500 0.001000 50 0.913608 0.908501 0.917802 0.921093 -3.402760e+06 0.916109 0.919420 -3.373981e+06
0.050000 0.010000 0.001000 50 0.913444 0.907061 0.917318 0.920645 -3.391350e+06 0.915465 0.918837 -3.362429e+06
0.050000 0.025000 0.001000 50 0.913412 0.905620 0.916512 0.919928 -3.375510e+06 0.915626 0.919063 -3.347033e+06
0.050000 0.050000 0.001000 50 0.913117 0.902738 0.915706 0.919194 -3.356730e+06 0.915626 0.919165 -3.327439e+06
0.050000 0.100000 0.001000 50 0.913183 0.904179 0.915626 0.919214 -3.331120e+06 0.915062 0.918694 -3.301885e+06
0.050000 0.500000 0.001000 50 0.913706 0.902017 0.913289 0.916798 -3.257000e+06 0.914417 0.918000 -3.226377e+06
0.050000 0.001000 0.010000 50 0.922727 0.913545 0.925860 0.929015 -3.396210e+06 0.923926 0.927333 -3.368604e+06
0.050000 0.001500 0.010000 50 0.922695 0.914265 0.926021 0.929211 -3.395050e+06 0.924007 0.927409 -3.367839e+06
0.050000 0.010000 0.010000 50 0.923741 0.914265 0.926586 0.929861 -3.383380e+06 0.924410 0.927830 -3.356005e+06
0.050000 0.025000 0.010000 50 0.922956 0.914265 0.925296 0.928613 -3.366420e+06 0.924087 0.927546 -3.338385e+06
0.050000 0.050000 0.010000 50 0.923283 0.913545 0.925457 0.928800 -3.346610e+06 0.924087 0.927544 -3.317962e+06
0.050000 0.100000 0.010000 50 0.923741 0.913545 0.926183 0.929485 -3.321100e+06 0.925296 0.928733 -3.291592e+06
0.050000 0.500000 0.010000 50 0.925506 0.917147 0.927875 0.930550 -3.248130e+06 0.928197 0.931035 -3.216422e+06
0.050000 0.001000 0.100000 50 0.919753 0.906340 0.922476 0.926151 -3.401190e+06 0.923846 0.927434 -3.369842e+06
0.050000 0.001500 0.100000 50 0.919720 0.906340 0.922879 0.926566 -3.400430e+06 0.923846 0.927432 -3.367856e+06
0.050000 0.010000 0.100000 50 0.919753 0.906340 0.922717 0.926413 -3.387480e+06 0.923281 0.926940 -3.354533e+06
0.050000 0.025000 0.100000 50 0.919818 0.908501 0.922476 0.926175 -3.369910e+06 0.922798 0.926507 -3.337411e+06
0.050000 0.050000 0.100000 50 0.917432 0.905620 0.919333 0.922095 -3.350240e+06 0.922153 0.925920 -3.316092e+06
0.050000 0.100000 0.100000 50 0.917824 0.904899 0.920058 0.922741 -3.325660e+06 0.920058 0.922857 -3.289991e+06
0.050000 0.500000 0.100000 50 0.916419 0.901297 0.915787 0.918074 -3.258370e+06 0.918366 0.920900 -3.219912e+06
0.050000 0.001000 1.000000 50 0.932370 0.913545 0.927069 0.929989 -3.404270e+06 0.933032 0.936061 -3.341700e+06
0.050000 0.001500 1.000000 50 0.932403 0.913545 0.926424 0.929330 -3.403670e+06 0.933113 0.936138 -3.339950e+06
0.050000 0.010000 1.000000 50 0.932828 0.913545 0.926666 0.929525 -3.398090e+06 0.932952 0.936012 -3.330103e+06
0.050000 0.025000 1.000000 50 0.933057 0.909942 0.926183 0.929190 -3.386450e+06 0.932549 0.935655 -3.313094e+06
0.050000 0.050000 1.000000 50 0.933678 0.912824 0.927230 0.930262 -3.372980e+06 0.932791 0.935917 -3.297030e+06
0.050000 0.100000 1.000000 50 0.933089 0.912104 0.926344 0.929469 -3.356570e+06 0.932952 0.936135 -3.278725e+06
0.050000 0.500000 1.000000 50 0.927794 0.897695 0.912725 0.916345 -3.310770e+06 0.926908 0.930406 -3.233260e+06
