0.900000 0.001000 0.001000 50 0.623068 0.641168 0.637515 0.549052 -9.688930e+05 0.625927 0.542357 -9.626670e+05
0.900000 0.001500 0.001000 50 0.623068 0.641168 0.637670 0.549179 -9.688000e+05 0.625927 0.542357 -9.625760e+05
0.900000 0.010000 0.001000 50 0.624257 0.641168 0.638597 0.549831 -9.669750e+05 0.627009 0.543209 -9.608256e+05
0.900000 0.025000 0.001000 50 0.620690 0.641168 0.638133 0.549394 -9.641670e+05 0.627781 0.543826 -9.579066e+05
0.900000 0.050000 0.001000 50 0.618312 0.643950 0.639679 0.550861 -9.594330e+05 0.626854 0.540038 -9.534008e+05
0.900000 0.100000 0.001000 50 0.618312 0.645341 0.639215 0.550396 -9.506250e+05 0.627009 0.540200 -9.448454e+05
0.900000 0.500000 0.001000 50 0.615339 0.646732 0.637670 0.549099 -9.100540e+05 0.627472 0.540133 -9.034768e+05
0.900000 0.001000 0.010000 50 0.620095 0.662031 0.645859 0.561088 -9.674860e+05 0.626391 0.545991 -9.604833e+05
0.900000 0.001500 0.010000 50 0.620095 0.662031 0.645859 0.561088 -9.673920e+05 0.626545 0.546147 -9.603913e+05
0.900000 0.010000 0.010000 50 0.621879 0.663421 0.646168 0.561497 -9.656040e+05 0.626082 0.545717 -9.585078e+05
0.900000 0.025000 0.010000 50 0.621879 0.662031 0.646014 0.558353 -9.626020e+05 0.628245 0.547378 -9.554709e+05
0.900000 0.050000 0.010000 50 0.624257 0.663421 0.647404 0.559578 -9.577710e+05 0.628399 0.550714 -9.509146e+05
0.900000 0.100000 0.010000 50 0.624851 0.667594 0.647559 0.559691 -9.488450e+05 0.629481 0.552347 -9.420974e+05
0.900000 0.500000 0.010000 50 0.624851 0.667594 0.646323 0.552897 -9.079040e+05 0.634734 0.542778 -9.001827e+05
0.900000 0.001000 0.100000 50 0.634958 0.673157 0.668109 0.571001 -9.663480e+05 0.640451 0.560073 -9.566150e+05
0.900000 0.001500 0.100000 50 0.634958 0.673157 0.668263 0.571190 -9.658910e+05 0.640451 0.560073 -9.565211e+05
0.900000 0.010000 0.100000 50 0.635553 0.677330 0.667800 0.570760 -9.638680e+05 0.642460 0.561556 -9.541224e+05
0.900000 0.025000 0.100000 50 0.635553 0.680111 0.668263 0.568209 -9.605150e+05 0.641378 0.560597 -9.508468e+05
0.900000 0.050000 0.100000 50 0.634364 0.674548 0.669036 0.568921 -9.549070e+05 0.640606 0.556927 -9.455888e+05
0.900000 0.100000 0.100000 50 0.630797 0.674548 0.664246 0.564629 -9.457250e+05 0.640297 0.556786 -9.357726e+05
0.900000 0.500000 0.100000 50 0.629608 0.675939 0.659611 0.558462 -9.068030e+05 0.642769 0.554332 -8.957285e+05
0.900000 0.001000 1.000000 50 0.682521 0.717663 0.711372 0.618877 -9.623530e+05 0.681242 0.620763 -9.474961e+05
0.900000 0.001500 1.000000 50 0.683115 0.717663 0.711527 0.619001 -9.623160e+05 0.681242 0.620763 -9.474568e+05
0.900000 0.010000 1.000000 50 0.683115 0.714882 0.710600 0.618027 -9.613490e+05 0.680624 0.620134 -9.459854e+05
0.900000 0.025000 1.000000 50 0.684304 0.712100 0.709672 0.617108 -9.594130e+05 0.682942 0.625309 -9.433409e+05
0.900000 0.050000 1.000000 50 0.686088 0.717663 0.707818 0.615217 -9.550420e+05 0.682015 0.615362 -9.381433e+05
0.900000 0.100000 1.000000 50 0.692033 0.720445 0.706273 0.608089 -9.480170e+05 0.681088 0.614579 -9.299182e+05
0.900000 0.500000 1.000000 50 0.676576 0.692629 0.679697 0.580199 -9.196330e+05 0.667182 0.591618 -8.974410e+05
