0.005000 0.001000 0.001000 50 0.896414 0.889049 0.902812 0.906150 -3.407650e+06 0.903296 0.906417 -3.380112e+06
0.005000 0.001500 0.001000 50 0.896289 0.889049 0.902651 0.906002 -3.406960e+06 0.903780 0.906912 -3.378779e+06
0.005000 0.010000 0.001000 50 0.896601 0.890490 0.903377 0.906786 -3.395930e+06 0.903780 0.906957 -3.368203e+06
0.005000 0.025000 0.001000 50 0.896476 0.887608 0.902812 0.906183 -3.381360e+06 0.903296 0.906540 -3.352953e+06
0.005000 0.050000 0.001000 50 0.896289 0.892651 0.901765 0.905090 -3.363160e+06 0.902651 0.905831 -3.334955e+06
0.005000 0.100000 0.001000 50 0.904185 0.894092 0.907406 0.910316 -3.339400e+06 0.908454 0.911254 -3.310791e+06
0.005000 0.500000 0.001000 50 0.896508 0.886167 0.899911 0.902793 -3.266100e+06 0.899428 0.902350 -3.235568e+06
0.005000 0.001000 0.010000 50 0.913860 0.912104 0.916996 0.920662 -3.398460e+06 0.917882 0.921567 -3.371791e+06
0.005000 0.001500 0.010000 50 0.913736 0.912104 0.916915 0.920586 -3.397770e+06 0.917640 0.921338 -3.371114e+06
0.005000 0.010000 0.010000 50 0.912643 0.908501 0.915626 0.919413 -3.386530e+06 0.916512 0.920285 -3.359410e+06
0.005000 0.025000 0.010000 50 0.912706 0.908501 0.915223 0.919067 -3.370520e+06 0.916109 0.919923 -3.343223e+06
0.005000 0.050000 0.010000 50 0.911644 0.907061 0.914820 0.918769 -3.350860e+06 0.915868 0.919750 -3.323003e+06
0.005000 0.100000 0.010000 50 0.911145 0.905620 0.913933 0.917907 -3.324420e+06 0.915465 0.919352 -3.295333e+06
0.005000 0.500000 0.010000 50 0.903623 0.897695 0.907889 0.911947 -3.249600e+06 0.909904 0.913943 -3.218590e+06
0.005000 0.001000 0.100000 50 0.906058 0.894813 0.908856 0.911848 -3.403620e+06 0.908051 0.911144 -3.371586e+06
0.005000 0.001500 0.100000 50 0.906183 0.894813 0.908937 0.911934 -3.402970e+06 0.907809 0.910914 -3.370924e+06
0.005000 0.010000 0.100000 50 0.906245 0.893372 0.908212 0.911260 -3.391550e+06 0.907970 0.911103 -3.359024e+06
0.005000 0.025000 0.100000 50 0.907930 0.899135 0.911032 0.914546 -3.376840e+06 0.907003 0.910261 -3.341941e+06
0.005000 0.050000 0.100000 50 0.901283 0.891210 0.903054 0.905999 -3.358380e+06 0.899831 0.902547 -3.322714e+06
0.005000 0.100000 0.100000 50 0.893667 0.884726 0.894754 0.897885 -3.332680e+06 0.894109 0.897128 -3.297021e+06
0.005000 0.500000 0.100000 50 0.886364 0.877522 0.883230 0.886518 -3.264600e+06 0.886050 0.889290 -3.225373e+06
0.005000 0.001000 1.000000 50 0.929934 0.914986 0.926102 0.929258 -3.404880e+06 0.931098 0.934094 -3.341138e+06
0.005000 0.001500 1.000000 50 0.929902 0.914986 0.926102 0.929258 -3.404500e+06 0.931098 0.934105 -3.340724e+06
0.005000 0.010000 1.000000 50 0.929777 0.913545 0.925377 0.928640 -3.398460e+06 0.930937 0.933958 -3.332098e+06
0.005000 0.025000 1.000000 50 0.929809 0.913545 0.925457 0.928687 -3.389940e+06 0.930615 0.933724 -3.318592e+06
0.005000 0.050000 1.000000 50 0.929871 0.910663 0.923926 0.927230 -3.378350e+06 0.930212 0.933397 -3.304403e+06
0.005000 0.100000 1.000000 50 0.929091 0.909222 0.923201 0.926714 -3.362680e+06 0.929970 0.933211 -3.287150e+06
0.005000 0.500000 1.000000 50 0.918199 0.878963 0.897897 0.901461 -3.315830e+06 0.917721 0.920581 -3.239031e+06
