0.300000 0.001000 0.001000 50 0.689134 0.695238 0.690578 0.690571 -1.893310e+07 0.690102 0.690095 0.000000e+00
0.300000 0.100000 0.010000 50 0.692749 0.694286 0.694810 0.694802 -1.851580e+07 0.693065 0.693057 -1.846167e+07
0.300000 0.500000 0.010000 50 0.688464 0.674286 0.688039 0.688030 -1.823320e+07 0.686981 0.686972 -1.817318e+07
0.300000 0.001000 0.100000 50 0.692749 0.690952 0.694017 0.694009 -1.893410e+07 0.692112 0.692104 -1.886914e+07
0.300000 0.001500 0.100000 50 0.692837 0.690952 0.694228 0.694221 -1.892830e+07 0.692112 0.692104 -1.886324e+07
0.300000 0.010000 0.100000 50 0.694236 0.691429 0.696080 0.696071 -1.883950e+07 0.693488 0.693479 -1.877277e+07
0.300000 0.025000 0.100000 50 0.696977 0.693810 0.697879 0.697869 -1.872730e+07 0.695445 0.695436 -1.865568e+07
0.300000 0.001000 0.010000 50 0.690621 0.697143 0.694916 0.694909 -1.893120e+07 0.692694 0.692687 -1.887906e+07
0.300000 0.001500 0.010000 50 0.690796 0.697619 0.694969 0.694962 -1.892560e+07 0.692906 0.692899 -1.887336e+07
0.300000 0.010000 0.010000 50 0.691904 0.697143 0.695868 0.695861 -1.884140e+07 0.693382 0.693375 -1.878282e+07
0.300000 0.025000 0.010000 50 0.693624 0.692857 0.697614 0.697607 -1.873680e+07 0.695075 0.695068 -1.867662e+07
0.300000 0.050000 0.010000 50 0.694965 0.695238 0.697826 0.697818 -1.862410e+07 0.696821 0.696812 -1.856475e+07
0.300000 0.100000 0.010000 50 0.696423 0.696190 0.699466 0.699457 -1.849790e+07 0.697561 0.697553 -1.843635e+07
0.300000 0.500000 0.010000 50 0.689922 0.680476 0.692694 0.692686 -1.821570e+07 0.692271 0.692263 -1.815127e+07
0.300000 0.001000 0.100000 50 0.689280 0.696190 0.691319 0.691313 -1.893570e+07 0.690631 0.690625 -1.887171e+07
0.300000 0.001500 0.100000 50 0.689339 0.695714 0.691266 0.691260 -1.892970e+07 0.690631 0.690625 -1.886575e+07
0.300000 0.010000 0.100000 50 0.689863 0.695714 0.692218 0.692212 -1.883830e+07 0.691742 0.691736 -1.876723e+07
0.300000 0.025000 0.100000 50 0.690475 0.696667 0.694334 0.694328 -1.872470e+07 0.693065 0.693059 -1.865458e+07
0.300000 0.050000 0.100000 50 0.690621 0.694762 0.695604 0.695598 -1.861570e+07 0.693964 0.693958 -1.854212e+07
0.300000 0.100000 0.100000 50 0.691467 0.698095 0.696292 0.696285 -1.849270e+07 0.695075 0.695068 -1.841553e+07
0.300000 0.500000 0.100000 50 0.687531 0.688095 0.691266 0.691257 -1.822500e+07 0.689361 0.689353 -1.813872e+07
0.300000 0.001000 1.000000 50 0.694324 0.695714 0.698884 0.698876 -1.893640e+07 0.695657 0.695649 -1.882845e+07
0.300000 0.001500 1.000000 50 0.694411 0.697619 0.699095 0.699088 -1.892670e+07 0.695763 0.695755 -1.882224e+07
0.300000 0.010000 1.000000 50 0.695548 0.697143 0.699624 0.699616 -1.883260e+07 0.696821 0.696813 -1.872154e+07
0.300000 0.025000 1.000000 50 0.697385 0.700476 0.703010 0.703001 -1.872960e+07 0.699360 0.699352 -1.860513e+07
0.300000 0.050000 1.000000 50 0.701146 0.708095 0.705973 0.705963 -1.862690e+07 0.703433 0.703424 -1.849620e+07
0.300000 0.100000 1.000000 50 0.703828 0.711905 0.709623 0.709613 -1.851110e+07 0.706184 0.706174 -1.837479e+07
0.300000 0.500000 1.000000 50 0.701583 0.703333 0.705814 0.705804 -1.826930e+07 0.704597 0.704587 -1.812961e+07
