0.100000 0.001000 0.001000 50 0.642125 0.661261 0.650997 0.642411 -3.731360e+06 0.645072 0.635858 -3.700216e+06
0.100000 0.001500 0.001000 50 0.643735 0.668468 0.654553 0.645341 -3.729510e+06 0.637962 0.629252 -3.697774e+06
0.100000 0.010000 0.001000 50 0.654156 0.661261 0.660478 0.650996 -3.713130e+06 0.660280 0.649982 -3.681440e+06
0.100000 0.025000 0.001000 50 0.657799 0.664865 0.664231 0.654249 -3.699980e+06 0.668773 0.658244 -3.668160e+06
0.100000 0.050000 0.001000 50 0.659239 0.664865 0.666206 0.655303 -3.687940e+06 0.670156 0.658889 -3.655719e+06
0.100000 0.100000 0.001000 50 0.660002 0.655856 0.666798 0.655939 -3.673740e+06 0.667588 0.655515 -3.641320e+06
0.100000 0.500000 0.001000 50 0.639753 0.650450 0.638554 0.626356 -3.634940e+06 0.646652 0.633586 -3.601419e+06
0.100000 0.001000 0.010000 50 0.654664 0.673874 0.659095 0.647830 -3.724980e+06 0.661268 0.649559 -3.689910e+06
0.100000 0.001500 0.010000 50 0.655935 0.672072 0.661466 0.650290 -3.723080e+06 0.662453 0.650660 -3.687962e+06
0.100000 0.010000 0.010000 50 0.662882 0.688288 0.668576 0.657537 -3.706340e+06 0.667786 0.655636 -3.670546e+06
0.100000 0.025000 0.010000 50 0.662035 0.677477 0.670946 0.660393 -3.692100e+06 0.672329 0.660336 -3.656160e+06
0.100000 0.050000 0.010000 50 0.664068 0.666667 0.670946 0.659637 -3.679070e+06 0.676279 0.664452 -3.642686e+06
0.100000 0.100000 0.010000 50 0.663391 0.668468 0.672329 0.661152 -3.664550e+06 0.674304 0.662275 -3.627595e+06
0.100000 0.500000 0.010000 50 0.647547 0.661261 0.661071 0.649453 -3.626980e+06 0.665811 0.653014 -3.588610e+06
0.100000 0.001000 0.100000 50 0.647293 0.655856 0.666403 0.655773 -3.730020e+06 0.667193 0.656595 -3.688612e+06
0.100000 0.001500 0.100000 50 0.647801 0.655856 0.665021 0.654516 -3.728460e+06 0.667193 0.656763 -3.686934e+06
0.100000 0.010000 0.100000 50 0.648564 0.666667 0.665218 0.654330 -3.712980e+06 0.664428 0.653361 -3.669380e+06
0.100000 0.025000 0.100000 50 0.650258 0.661261 0.666996 0.655737 -3.700120e+06 0.667588 0.655926 -3.655661e+06
0.100000 0.050000 0.100000 50 0.652970 0.664865 0.666206 0.654986 -3.687740e+06 0.667391 0.655918 -3.642776e+06
0.100000 0.100000 0.100000 50 0.654834 0.672072 0.666206 0.654880 -3.673550e+06 0.669761 0.658198 -3.628263e+06
0.100000 0.500000 0.100000 50 0.637126 0.652252 0.654750 0.642086 -3.639380e+06 0.660083 0.647275 -3.592629e+06
0.100000 0.001000 1.000000 50 0.576887 0.596396 0.583251 0.571974 -3.736890e+06 0.578708 0.566900 -3.668280e+06
0.100000 0.001500 1.000000 50 0.576972 0.598198 0.583646 0.572197 -3.735670e+06 0.579498 0.567605 -3.667201e+06
0.100000 0.010000 1.000000 50 0.580446 0.601802 0.588189 0.575523 -3.724090e+06 0.588189 0.575801 -3.656769e+06
0.100000 0.025000 1.000000 50 0.584936 0.605405 0.599249 0.586053 -3.715180e+06 0.590559 0.577804 -3.649088e+06
0.100000 0.050000 1.000000 50 0.586715 0.612613 0.600830 0.587218 -3.708150e+06 0.590954 0.578000 -3.642822e+06
0.100000 0.100000 1.000000 50 0.588664 0.616216 0.606162 0.592648 -3.699580e+06 0.600435 0.587182 -3.633990e+06
0.100000 0.500000 1.000000 50 0.620605 0.612613 0.619988 0.607881 -3.676980e+06 0.638752 0.622840 -3.609315e+06
