0.700000 0.001000 0.001000 50 0.693762 0.705238 0.700524 0.700516 -1.895240e+07 0.694070 0.694063 -1.889700e+07
0.700000 0.100000 0.010000 50 0.693082 0.709048 0.703328 0.703318 -1.851740e+07 0.697244 0.697236 -1.845808e+07
0.700000 0.500000 0.010000 50 0.686824 0.695714 0.696821 0.696811 -1.823080e+07 0.693752 0.693743 -1.817509e+07
0.700000 0.001000 0.100000 50 0.695395 0.705714 0.703169 0.703161 -1.896140e+07 0.695339 0.695332 -1.889198e+07
0.700000 0.001500 0.100000 50 0.695123 0.705238 0.703116 0.703108 -1.895590e+07 0.695392 0.695385 -1.888640e+07
0.700000 0.010000 0.100000 50 0.695055 0.705238 0.703063 0.703055 -1.887110e+07 0.694599 0.694592 -1.880016e+07
0.700000 0.025000 0.100000 50 0.696619 0.705238 0.703486 0.703478 -1.875890e+07 0.694228 0.694221 -1.868459e+07
0.700000 0.050000 0.100000 50 0.695463 0.703810 0.702428 0.702419 -1.864560e+07 0.694969 0.694961 -1.856945e+07
0.700000 0.100000 0.100000 50 0.695599 0.705238 0.700682 0.700674 -1.851630e+07 0.694863 0.694855 -1.843825e+07
0.700000 0.010000 0.010000 50 0.694783 0.705714 0.701740 0.701732 -1.886020e+07 0.694440 0.694433 -1.879450e+07
0.700000 0.025000 0.010000 50 0.695463 0.704286 0.701899 0.701891 -1.875210e+07 0.693752 0.693745 -1.867991e+07
0.700000 0.050000 0.010000 50 0.694647 0.705238 0.701740 0.701731 -1.863600e+07 0.694969 0.694961 -1.856477e+07
0.700000 0.100000 0.010000 50 0.694851 0.704762 0.700259 0.700250 -1.850640e+07 0.695128 0.695119 -1.843325e+07
0.700000 0.500000 0.010000 50 0.690973 0.701429 0.694810 0.694801 -1.822920e+07 0.692112 0.692103 -1.814903e+07
0.700000 0.001000 0.100000 50 0.700020 0.709524 0.707560 0.707552 -1.895190e+07 0.702904 0.702897 -1.888180e+07
0.700000 0.001500 0.100000 50 0.700156 0.710952 0.707507 0.707499 -1.894600e+07 0.702957 0.702950 -1.887603e+07
0.700000 0.010000 0.100000 50 0.701789 0.711905 0.707983 0.707975 -1.885610e+07 0.703433 0.703426 -1.878533e+07
0.700000 0.025000 0.100000 50 0.703694 0.713333 0.708671 0.708662 -1.874280e+07 0.704544 0.704537 -1.866846e+07
0.700000 0.050000 0.100000 50 0.704578 0.714286 0.708988 0.708980 -1.862960e+07 0.704756 0.704748 -1.855297e+07
0.700000 0.100000 0.100000 50 0.703966 0.714286 0.709940 0.709931 -1.850070e+07 0.704280 0.704272 -1.842150e+07
0.700000 0.500000 0.100000 50 0.696075 0.703333 0.705708 0.705698 -1.822390e+07 0.701317 0.701308 -1.813749e+07
0.700000 0.001000 1.000000 50 0.703285 0.717619 0.715389 0.715379 -1.895700e+07 0.706343 0.706334 -1.884803e+07
0.700000 0.001500 1.000000 50 0.703285 0.718095 0.715442 0.715432 -1.895100e+07 0.706343 0.706334 -1.884181e+07
0.700000 0.010000 1.000000 50 0.705258 0.716667 0.718034 0.718024 -1.885690e+07 0.709623 0.709614 -1.873909e+07
0.700000 0.025000 1.000000 50 0.708319 0.719048 0.721155 0.721144 -1.874680e+07 0.713009 0.712999 -1.861848e+07
0.700000 0.050000 1.000000 50 0.708591 0.720952 0.722954 0.722943 -1.864000e+07 0.716394 0.716383 -1.850201e+07
0.700000 0.100000 1.000000 50 0.707367 0.718571 0.722478 0.722466 -1.852160e+07 0.716870 0.716859 -1.838143e+07
0.700000 0.500000 1.000000 50 0.700292 0.709524 0.713432 0.713417 -1.827150e+07 0.708723 0.708710 -1.812766e+07
