0.010000 0.001000 0.001000 50 0.906556 0.899135 0.909340 0.912461 -3.404020e+06 0.908776 0.911829 -3.376009e+06
0.010000 0.001500 0.001000 50 0.906587 0.899856 0.909179 0.912335 -3.402840e+06 0.908856 0.911915 -3.375341e+06
0.010000 0.010000 0.001000 50 0.906713 0.900576 0.909179 0.912427 -3.392730e+06 0.909501 0.912668 -3.364675e+06
0.010000 0.025000 0.001000 50 0.905897 0.901297 0.909340 0.912743 -3.377780e+06 0.910307 0.913586 -3.350165e+06
0.010000 0.050000 0.001000 50 0.906242 0.900576 0.909501 0.912919 -3.359660e+06 0.910307 0.913634 -3.331948e+06
0.010000 0.100000 0.001000 50 0.906901 0.906340 0.910146 0.913432 -3.335400e+06 0.910468 0.913836 -3.306725e+06
0.010000 0.500000 0.001000 50 0.905144 0.896254 0.906117 0.909509 -3.261540e+06 0.906358 0.909790 -3.231553e+06
0.010000 0.001000 0.010000 50 0.915119 0.915706 0.916029 0.919816 -3.396290e+06 0.914498 0.917979 -3.368728e+06
0.010000 0.001500 0.010000 50 0.915276 0.915706 0.916270 0.920064 -3.395580e+06 0.914659 0.918151 -3.368047e+06
0.010000 0.010000 0.010000 50 0.915276 0.914986 0.915706 0.919541 -3.384660e+06 0.917157 0.920872 -3.357105e+06
0.010000 0.025000 0.010000 50 0.914994 0.915706 0.915465 0.919339 -3.368670e+06 0.917237 0.921029 -3.340392e+06
0.010000 0.050000 0.010000 50 0.911982 0.911383 0.912080 0.915046 -3.349530e+06 0.913933 0.916805 -3.320792e+06
0.010000 0.100000 0.010000 50 0.911794 0.908501 0.911999 0.914885 -3.324430e+06 0.913450 0.916234 -3.295034e+06
0.010000 0.500000 0.010000 50 0.909849 0.902738 0.910468 0.913115 -3.252560e+06 0.911113 0.913775 -3.220497e+06
0.010000 0.001000 0.100000 50 0.912453 0.904179 0.914900 0.917389 -3.402070e+06 0.915545 0.918014 -3.368787e+06
0.010000 0.001500 0.100000 50 0.912453 0.903458 0.914981 0.917475 -3.401360e+06 0.915545 0.918014 -3.368035e+06
0.010000 0.010000 0.100000 50 0.912578 0.901297 0.914659 0.917209 -3.389480e+06 0.915626 0.918169 -3.355707e+06
0.010000 0.025000 0.100000 50 0.913143 0.901297 0.915787 0.918339 -3.373060e+06 0.915948 0.918542 -3.339776e+06
0.010000 0.050000 0.100000 50 0.912986 0.902738 0.915706 0.918347 -3.354180e+06 0.916754 0.919371 -3.318812e+06
0.010000 0.100000 0.100000 50 0.913300 0.902017 0.915706 0.918420 -3.329550e+06 0.916996 0.919631 -3.292795e+06
0.010000 0.500000 0.100000 50 0.910853 0.894092 0.909259 0.912076 -3.261820e+06 0.913289 0.915953 -3.222446e+06
0.010000 0.001000 1.000000 50 0.928639 0.914265 0.923362 0.925367 -3.405050e+06 0.929567 0.931568 -3.344499e+06
0.010000 0.001500 1.000000 50 0.928607 0.914265 0.923362 0.925367 -3.404780e+06 0.929567 0.931569 -3.342687e+06
0.010000 0.010000 1.000000 50 0.929172 0.913545 0.923604 0.925712 -3.398410e+06 0.929809 0.931859 -3.332003e+06
0.010000 0.025000 1.000000 50 0.929360 0.912824 0.923443 0.925547 -3.388660e+06 0.929164 0.931251 -3.319942e+06
0.010000 0.050000 1.000000 50 0.929391 0.912824 0.923201 0.925473 -3.378440e+06 0.928923 0.931052 -3.306381e+06
0.010000 0.100000 1.000000 50 0.929109 0.908501 0.922314 0.924598 -3.364480e+06 0.929003 0.931171 -3.291445e+06
0.010000 0.500000 1.000000 50 0.924153 0.889769 0.907648 0.910670 -3.321880e+06 0.923281 0.925931 -3.248358e+06
