0.010000 0.001000 0.001000 50 0.530529 0.554937 0.534920 0.468356 -9.656190e+05 0.533993 0.467124 -9.600734e+05
0.010000 0.001500 0.001000 50 0.530649 0.556328 0.535229 0.468639 -9.655330e+05 0.533684 0.466876 -9.599864e+05
0.010000 0.010000 0.001000 50 0.527043 0.557719 0.532138 0.462799 -9.636570e+05 0.532756 0.466067 -9.582296e+05
0.010000 0.025000 0.001000 50 0.528786 0.559110 0.535847 0.469197 -9.611230e+05 0.532447 0.466176 -9.554295e+05
0.010000 0.050000 0.001000 50 0.530048 0.557719 0.534302 0.467936 -9.568450e+05 0.533684 0.467606 -9.513121e+05
0.010000 0.100000 0.001000 50 0.534195 0.560501 0.537855 0.475461 -9.493880e+05 0.529203 0.468442 -9.434527e+05
0.010000 0.500000 0.001000 50 0.539243 0.561892 0.533993 0.471919 -9.114240e+05 0.533529 0.470630 -9.047396e+05
0.010000 0.001000 0.010000 50 0.545132 0.531293 0.546817 0.484818 -9.653410e+05 0.545581 0.483116 -9.587798e+05
0.010000 0.001500 0.010000 50 0.544952 0.531293 0.547435 0.485380 -9.652550e+05 0.546044 0.483520 -9.586950e+05
0.010000 0.010000 0.010000 50 0.541346 0.528512 0.542645 0.484529 -9.634660e+05 0.544036 0.481875 -9.568126e+05
0.010000 0.025000 0.010000 50 0.536839 0.524339 0.540791 0.486270 -9.606040e+05 0.541718 0.483305 -9.538820e+05
0.010000 0.050000 0.010000 50 0.532512 0.529903 0.540019 0.486049 -9.561600e+05 0.541100 0.486230 -9.493655e+05
0.010000 0.100000 0.010000 50 0.530168 0.527121 0.536310 0.483420 -9.481080e+05 0.540173 0.486168 -9.411780e+05
0.010000 0.500000 0.010000 50 0.530288 0.527121 0.538319 0.478308 -9.119480e+05 0.540791 0.480050 -9.031306e+05
0.010000 0.001000 0.100000 50 0.561779 0.557719 0.566749 0.497158 -9.630640e+05 0.571539 0.501011 -9.540372e+05
0.010000 0.001500 0.100000 50 0.561839 0.557719 0.566595 0.497038 -9.629790e+05 0.571693 0.501138 -9.539513e+05
0.010000 0.010000 0.100000 50 0.561178 0.554937 0.566131 0.493555 -9.606780e+05 0.569221 0.499083 -9.515927e+05
0.010000 0.025000 0.100000 50 0.562139 0.561892 0.567985 0.498423 -9.581460e+05 0.569067 0.499104 -9.485817e+05
0.010000 0.050000 0.100000 50 0.560457 0.556328 0.566440 0.497344 -9.535310e+05 0.568758 0.499000 -9.441544e+05
0.010000 0.100000 0.100000 50 0.561178 0.559110 0.564122 0.495926 -9.455740e+05 0.571075 0.501112 -9.353350e+05
0.010000 0.500000 0.100000 50 0.564784 0.571627 0.579728 0.515283 -9.129430e+05 0.584054 0.512369 -8.997887e+05
0.010000 0.001000 1.000000 50 0.593269 0.588317 0.599815 0.619359 -9.551230e+05 0.599197 0.612921 -9.404224e+05
0.010000 0.001500 1.000000 50 0.593389 0.588317 0.599969 0.619515 -9.550850e+05 0.599197 0.612921 -9.403813e+05
0.010000 0.010000 1.000000 50 0.595493 0.586926 0.599506 0.613037 -9.540840e+05 0.597033 0.611223 -9.389709e+05
0.010000 0.025000 1.000000 50 0.596815 0.591099 0.598424 0.612066 -9.519340e+05 0.597497 0.611567 -9.364300e+05
0.010000 0.050000 1.000000 50 0.598017 0.585535 0.600278 0.610736 -9.488600e+05 0.598578 0.609396 -9.332719e+05
0.010000 0.100000 1.000000 50 0.595853 0.585535 0.595952 0.601046 -9.451400e+05 0.597033 0.608219 -9.256246e+05
0.010000 0.500000 1.000000 50 0.586058 0.589708 0.587608 0.588615 -9.266550e+05 0.585600 0.586830 -9.016711e+05
