0.005000 0.001000 0.001000 50 0.672170 0.671905 0.674549 0.674544 -1.893260e+07 0.676348 0.676342 -1.888368e+07
0.005000 0.001500 0.001000 50 0.672314 0.671905 0.674549 0.674544 -1.892710e+07 0.676665 0.676660 -1.887804e+07
0.005000 0.010000 0.001000 50 0.674426 0.670476 0.677247 0.677241 -1.884340e+07 0.678464 0.678458 -1.879277e+07
0.005000 0.025000 0.001000 50 0.675144 0.673810 0.679363 0.679357 -1.873730e+07 0.681479 0.681473 -1.868342e+07
0.005000 0.050000 0.001000 50 0.676641 0.676190 0.680897 0.680891 -1.862930e+07 0.682273 0.682266 -1.857325e+07
0.005000 0.100000 0.001000 50 0.678077 0.677143 0.682378 0.682371 -1.850480e+07 0.682167 0.682160 -1.844640e+07
0.005000 0.500000 0.001000 50 0.670611 0.670952 0.675025 0.675017 -1.822290e+07 0.674972 0.674963 -1.816110e+07
0.005000 0.001000 0.010000 50 0.677113 0.684762 0.678728 0.678723 -1.893300e+07 0.680791 0.680785 -1.888036e+07
0.005000 0.001500 0.010000 50 0.677400 0.686190 0.678993 0.678987 -1.892720e+07 0.680686 0.680680 -1.887453e+07
0.005000 0.010000 0.010000 50 0.678815 0.688571 0.681003 0.680998 -1.883970e+07 0.681849 0.681844 -1.878000e+07
0.005000 0.025000 0.010000 50 0.680066 0.690952 0.682960 0.682955 -1.873210e+07 0.683436 0.683431 -1.866985e+07
0.005000 0.050000 0.010000 50 0.680825 0.691905 0.683489 0.683484 -1.862140e+07 0.685024 0.685018 -1.855631e+07
0.005000 0.100000 0.010000 50 0.679697 0.689048 0.683913 0.683907 -1.849530e+07 0.684336 0.684330 -1.842770e+07
0.005000 0.500000 0.010000 50 0.666694 0.668571 0.669523 0.669517 -1.821400e+07 0.669841 0.669834 -1.813364e+07
0.005000 0.001000 0.100000 50 0.672580 0.672857 0.673174 0.673169 -1.893820e+07 0.674866 0.674861 -1.887087e+07
0.005000 0.001500 0.100000 50 0.672601 0.672857 0.673279 0.673275 -1.893280e+07 0.675343 0.675337 -1.886546e+07
0.005000 0.010000 0.100000 50 0.673114 0.674286 0.675766 0.675761 -1.884640e+07 0.676612 0.676607 -1.878123e+07
0.005000 0.025000 0.100000 50 0.674180 0.676667 0.675713 0.675708 -1.874340e+07 0.677035 0.677030 -1.866742e+07
0.005000 0.050000 0.100000 50 0.674426 0.674286 0.676665 0.676660 -1.863420e+07 0.676771 0.676765 -1.855677e+07
0.005000 0.100000 0.100000 50 0.674693 0.670476 0.676824 0.676819 -1.851370e+07 0.676877 0.676872 -1.843198e+07
0.005000 0.500000 0.100000 50 0.658757 0.665714 0.664127 0.664124 -1.824970e+07 0.663598 0.663595 -1.815923e+07
0.005000 0.001000 1.000000 50 0.679923 0.681429 0.679680 0.679673 -1.892860e+07 0.683966 0.683958 -1.882213e+07
0.005000 0.001500 1.000000 50 0.680374 0.681429 0.680527 0.680519 -1.892320e+07 0.684230 0.684222 -1.881635e+07
0.005000 0.010000 1.000000 50 0.684291 0.685714 0.686452 0.686443 -1.883670e+07 0.689044 0.689035 -1.872156e+07
0.005000 0.025000 1.000000 50 0.688045 0.686190 0.690578 0.690568 -1.873830e+07 0.691530 0.691520 -1.860801e+07
0.005000 0.050000 1.000000 50 0.688701 0.685714 0.693647 0.693635 -1.863830e+07 0.693382 0.693370 -1.849532e+07
0.005000 0.100000 1.000000 50 0.690239 0.692857 0.695868 0.695857 -1.853490e+07 0.693276 0.693265 -1.838681e+07
0.005000 0.500000 1.000000 50 0.673319 0.673810 0.674179 0.674168 -1.830030e+07 0.675237 0.675226 -1.814881e+07
