0.500000 0.001000 0.001000 50 0.917402 0.914265 0.923765 0.926197 -3.406220e+06 0.919413 0.921983 -3.377703e+06
0.500000 0.001500 0.001000 50 0.917402 0.914265 0.923684 0.926122 -3.405520e+06 0.919494 0.922069 -3.377014e+06
0.500000 0.010000 0.001000 50 0.917588 0.914986 0.923846 0.926314 -3.394470e+06 0.919897 0.922559 -3.366519e+06
0.500000 0.025000 0.001000 50 0.917153 0.915706 0.924087 0.926529 -3.379410e+06 0.920058 0.922775 -3.351031e+06
0.500000 0.050000 0.001000 50 0.917091 0.915706 0.924410 0.926885 -3.360520e+06 0.920622 0.923310 -3.332519e+06
0.500000 0.100000 0.001000 50 0.917464 0.915706 0.923765 0.926236 -3.335960e+06 0.920783 0.923547 -3.307650e+06
0.500000 0.500000 0.001000 50 0.917402 0.906340 0.922556 0.924930 -3.261930e+06 0.917963 0.920578 -3.231898e+06
0.500000 0.001000 0.010000 50 0.928456 0.925072 0.932146 0.934935 -3.398020e+06 0.929164 0.932154 -3.370563e+06
0.500000 0.001500 0.010000 50 0.928394 0.924352 0.931824 0.934634 -3.396940e+06 0.929084 0.932087 -3.368985e+06
0.500000 0.010000 0.010000 50 0.928642 0.925793 0.933113 0.935912 -3.385740e+06 0.928923 0.931970 -3.357694e+06
0.500000 0.025000 0.010000 50 0.928083 0.924352 0.932146 0.934970 -3.369480e+06 0.928681 0.931800 -3.341696e+06
0.500000 0.050000 0.010000 50 0.927959 0.925072 0.930534 0.933408 -3.350150e+06 0.928036 0.931222 -3.321115e+06
0.500000 0.100000 0.010000 50 0.927711 0.926513 0.930534 0.933408 -3.324610e+06 0.927472 0.930622 -3.295032e+06
0.500000 0.500000 0.010000 50 0.927649 0.923631 0.928600 0.930762 -3.251940e+06 0.927069 0.929567 -3.220545e+06
0.500000 0.001000 0.100000 50 0.932741 0.932277 0.937787 0.939978 -3.404250e+06 0.934967 0.937392 -3.370448e+06
0.500000 0.001500 0.100000 50 0.932741 0.932277 0.937868 0.940061 -3.403510e+06 0.934967 0.937392 -3.369689e+06
0.500000 0.010000 0.100000 50 0.933114 0.931556 0.938029 0.940286 -3.390990e+06 0.935047 0.937555 -3.356801e+06
0.500000 0.025000 0.100000 50 0.933673 0.932997 0.938432 0.940734 -3.373830e+06 0.935531 0.938099 -3.339983e+06
0.500000 0.050000 0.100000 50 0.933611 0.931556 0.937707 0.940063 -3.354290e+06 0.935611 0.938215 -3.318541e+06
0.500000 0.100000 0.100000 50 0.933300 0.931556 0.936981 0.939356 -3.329390e+06 0.934000 0.936727 -3.292370e+06
0.500000 0.500000 0.100000 50 0.929201 0.922190 0.931582 0.934011 -3.262240e+06 0.930615 0.933207 -3.222740e+06
0.500000 0.001000 1.000000 50 0.944603 0.935879 0.943428 0.945224 -3.406020e+06 0.943025 0.945311 -3.344591e+06
0.500000 0.001500 1.000000 50 0.944603 0.935159 0.943428 0.945215 -3.405570e+06 0.943025 0.945311 -3.344001e+06
0.500000 0.010000 1.000000 50 0.944417 0.937320 0.943348 0.945144 -3.397090e+06 0.942703 0.945079 -3.330681e+06
0.500000 0.025000 1.000000 50 0.943734 0.935159 0.942542 0.944425 -3.386300e+06 0.942139 0.944575 -3.318314e+06
0.500000 0.050000 1.000000 50 0.943547 0.934438 0.941736 0.943650 -3.375460e+06 0.942219 0.944707 -3.305046e+06
0.500000 0.100000 1.000000 50 0.942616 0.927233 0.941011 0.943063 -3.360910e+06 0.941172 0.943784 -3.288546e+06
0.500000 0.500000 1.000000 50 0.937151 0.913545 0.928278 0.930630 -3.314030e+06 0.934805 0.937887 -3.241700e+06
