0.300000 0.001000 0.001000 50 0.915362 0.906340 0.923281 0.926369 -3.409230e+06 0.918043 0.921522 -3.380389e+06
0.300000 0.001500 0.001000 50 0.915539 0.907061 0.923443 0.926528 -3.408510e+06 0.918043 0.921522 -3.379669e+06
0.300000 0.010000 0.001000 50 0.920153 0.911383 0.927311 0.930173 -3.397270e+06 0.918607 0.922068 -3.368310e+06
0.300000 0.025000 0.001000 50 0.920108 0.910663 0.927150 0.930041 -3.381880e+06 0.924329 0.927406 -3.353575e+06
0.300000 0.050000 0.001000 50 0.919576 0.910663 0.926666 0.929578 -3.363680e+06 0.924571 0.927670 -3.335218e+06
0.300000 0.100000 0.001000 50 0.919532 0.910663 0.926183 0.928999 -3.339320e+06 0.924974 0.928004 -3.309984e+06
0.300000 0.500000 0.001000 50 0.916116 0.903458 0.920139 0.922465 -3.264850e+06 0.918688 0.921109 -3.234604e+06
0.300000 0.001000 0.010000 50 0.926274 0.920029 0.929567 0.932523 -3.398050e+06 0.928036 0.931099 -3.371152e+06
0.300000 0.001500 0.010000 50 0.926141 0.920029 0.929487 0.932448 -3.397310e+06 0.928117 0.931175 -3.370414e+06
0.300000 0.010000 0.010000 50 0.926319 0.921470 0.929406 0.932396 -3.386010e+06 0.927714 0.930821 -3.359025e+06
0.300000 0.025000 0.010000 50 0.926540 0.922190 0.929728 0.932735 -3.369350e+06 0.927069 0.930243 -3.341665e+06
0.300000 0.050000 0.010000 50 0.926585 0.922190 0.929245 0.932299 -3.349570e+06 0.927311 0.930474 -3.321288e+06
0.300000 0.100000 0.010000 50 0.926097 0.920749 0.929567 0.932620 -3.323560e+06 0.927391 0.930567 -3.294581e+06
0.300000 0.500000 0.010000 50 0.923790 0.915706 0.927230 0.930245 -3.248570e+06 0.926747 0.929835 -3.217548e+06
0.300000 0.001000 0.100000 50 0.917003 0.912824 0.922476 0.925755 -3.406020e+06 0.919494 0.923106 -3.372150e+06
0.300000 0.001500 0.100000 50 0.916959 0.912824 0.922556 0.925831 -3.405290e+06 0.919575 0.923192 -3.371406e+06
0.300000 0.010000 0.100000 50 0.917358 0.912824 0.922556 0.925897 -3.391840e+06 0.920139 0.923843 -3.358605e+06
0.300000 0.025000 0.100000 50 0.917269 0.912104 0.922395 0.925801 -3.375810e+06 0.920380 0.924116 -3.341893e+06
0.300000 0.050000 0.100000 50 0.918556 0.914265 0.923201 0.926538 -3.356810e+06 0.919252 0.923013 -3.320843e+06
0.300000 0.100000 0.100000 50 0.918378 0.912824 0.923281 0.926619 -3.332320e+06 0.921428 0.925053 -3.295471e+06
0.300000 0.500000 0.100000 50 0.922859 0.912824 0.925216 0.927957 -3.264820e+06 0.924974 0.927928 -3.224412e+06
0.300000 0.001000 1.000000 50 0.940602 0.930836 0.937304 0.939606 -3.401660e+06 0.939882 0.942378 -3.339783e+06
0.300000 0.001500 1.000000 50 0.940558 0.930836 0.937223 0.939530 -3.401050e+06 0.940044 0.942532 -3.339455e+06
0.300000 0.010000 1.000000 50 0.940469 0.929395 0.936820 0.939102 -3.395850e+06 0.940446 0.942940 -3.331915e+06
0.300000 0.025000 1.000000 50 0.939893 0.928674 0.936981 0.939280 -3.387720e+06 0.939641 0.942217 -3.319798e+06
0.300000 0.050000 1.000000 50 0.938606 0.927233 0.936498 0.938953 -3.376220e+06 0.939157 0.941814 -3.305527e+06
0.300000 0.100000 1.000000 50 0.938429 0.925072 0.936175 0.938806 -3.360530e+06 0.937948 0.940753 -3.287281e+06
0.300000 0.500000 1.000000 50 0.930267 0.903458 0.922234 0.925170 -3.310760e+06 0.927553 0.930941 -3.236552e+06
