0.900000 0.001000 0.001000 50 0.699242 0.706306 0.707683 0.699168 -3.730340e+06 0.693660 0.685582 -3.698482e+06
0.900000 0.001500 0.001000 50 0.700000 0.704505 0.706301 0.697718 -3.728460e+06 0.693265 0.685114 -3.696603e+06
0.900000 0.010000 0.001000 50 0.700758 0.708108 0.709461 0.701055 -3.712640e+06 0.693067 0.684638 -3.680556e+06
0.900000 0.025000 0.001000 50 0.700000 0.709910 0.707486 0.698674 -3.699430e+06 0.697413 0.688465 -3.666869e+06
0.900000 0.050000 0.001000 50 0.700000 0.706306 0.706301 0.696911 -3.686640e+06 0.695635 0.686130 -3.654079e+06
0.900000 0.100000 0.001000 50 0.700000 0.702703 0.701758 0.692306 -3.671740e+06 0.695240 0.685458 -3.639051e+06
0.900000 0.500000 0.001000 50 0.685606 0.688288 0.689710 0.679595 -3.631470e+06 0.682797 0.672538 -3.597918e+06
0.900000 0.001000 0.010000 50 0.722727 0.727928 0.721904 0.714507 -3.728550e+06 0.700375 0.691815 -3.694107e+06
0.900000 0.001500 0.010000 50 0.723485 0.727928 0.721706 0.714120 -3.726650e+06 0.696623 0.688345 -3.692050e+06
0.900000 0.010000 0.010000 50 0.721212 0.727928 0.722299 0.714800 -3.710130e+06 0.698203 0.689824 -3.674915e+06
0.900000 0.025000 0.010000 50 0.722727 0.724324 0.724472 0.716901 -3.696640e+06 0.700178 0.691540 -3.661065e+06
0.900000 0.050000 0.010000 50 0.715152 0.713514 0.721509 0.713719 -3.684150e+06 0.702943 0.693928 -3.648293e+06
0.900000 0.100000 0.010000 50 0.708333 0.708108 0.717756 0.709696 -3.669870e+06 0.703140 0.693524 -3.633708e+06
0.900000 0.500000 0.010000 50 0.692424 0.695495 0.699388 0.690373 -3.632010e+06 0.694450 0.684569 -3.594138e+06
0.900000 0.001000 0.100000 50 0.728788 0.758559 0.730792 0.722796 -3.731250e+06 0.708671 0.698684 -3.690396e+06
0.900000 0.001500 0.100000 50 0.728788 0.756757 0.729607 0.721592 -3.729540e+06 0.708473 0.698432 -3.688628e+06
0.900000 0.010000 0.100000 50 0.728788 0.751351 0.725459 0.716543 -3.712920e+06 0.711633 0.701210 -3.670087e+06
0.900000 0.025000 0.100000 50 0.729545 0.751351 0.725657 0.716564 -3.699490e+06 0.712028 0.701091 -3.655814e+06
0.900000 0.050000 0.100000 50 0.721970 0.744144 0.724669 0.714831 -3.687480e+06 0.709658 0.698481 -3.644220e+06
0.900000 0.100000 0.100000 50 0.719697 0.740541 0.720324 0.709742 -3.674600e+06 0.710646 0.698876 -3.629927e+06
0.900000 0.500000 0.100000 50 0.687121 0.718919 0.711041 0.700170 -3.639810e+06 0.704918 0.692661 -3.593560e+06
0.900000 0.001000 1.000000 50 0.735606 0.767568 0.754098 0.746332 -3.739540e+06 0.731187 0.719927 -3.665855e+06
0.900000 0.001500 1.000000 50 0.737121 0.769369 0.754296 0.746558 -3.738420e+06 0.732570 0.721349 -3.664784e+06
0.900000 0.010000 1.000000 50 0.743182 0.769369 0.751136 0.743563 -3.727890e+06 0.736717 0.725334 -3.651296e+06
0.900000 0.025000 1.000000 50 0.743182 0.767568 0.750938 0.742732 -3.716800e+06 0.737507 0.725800 -3.640184e+06
0.900000 0.050000 1.000000 50 0.740152 0.758559 0.742445 0.734347 -3.707750e+06 0.735335 0.722619 -3.631144e+06
0.900000 0.100000 1.000000 50 0.738636 0.769369 0.738495 0.729889 -3.697540e+06 0.732965 0.719620 -3.622650e+06
0.900000 0.500000 1.000000 50 0.718182 0.722523 0.710251 0.699004 -3.672480e+06 0.717756 0.704343 -3.598079e+06
