0.100000 0.001000 0.001000 50 0.547564 0.554937 0.552843 0.489759 -9.644420e+05 0.549289 0.490017 -9.587580e+05
0.100000 0.001500 0.001000 50 0.547564 0.553547 0.552689 0.489603 -9.643570e+05 0.549289 0.490017 -9.586724e+05
0.100000 0.010000 0.001000 50 0.546440 0.553547 0.551452 0.488393 -9.627320e+05 0.546972 0.487899 -9.569540e+05
0.100000 0.025000 0.001000 50 0.547498 0.554937 0.552689 0.489327 -9.600380e+05 0.546972 0.490694 -9.541769e+05
0.100000 0.050000 0.001000 50 0.550407 0.557719 0.554697 0.493941 -9.557650e+05 0.548826 0.492144 -9.500358e+05
0.100000 0.100000 0.001000 50 0.554902 0.559110 0.557324 0.493044 -9.479590e+05 0.551452 0.494188 -9.421514e+05
0.100000 0.500000 0.001000 50 0.567660 0.591099 0.573548 0.506729 -9.106980e+05 0.565667 0.500063 -9.039025e+05
0.100000 0.001000 0.010000 50 0.594764 0.598053 0.592553 0.503805 -9.631080e+05 0.590080 0.501948 -9.565425e+05
0.100000 0.001500 0.010000 50 0.594698 0.598053 0.592553 0.503808 -9.630150e+05 0.590080 0.501948 -9.564509e+05
0.100000 0.010000 0.010000 50 0.594764 0.599444 0.593171 0.504296 -9.611820e+05 0.589153 0.501189 -9.544866e+05
0.100000 0.025000 0.010000 50 0.595095 0.599444 0.593943 0.504951 -9.584290e+05 0.591162 0.502810 -9.517621e+05
0.100000 0.050000 0.010000 50 0.594963 0.603616 0.595797 0.506458 -9.537230e+05 0.589926 0.501765 -9.469482e+05
0.100000 0.100000 0.010000 50 0.596748 0.607789 0.597806 0.504901 -9.453880e+05 0.593480 0.504645 -9.384036e+05
0.100000 0.500000 0.010000 50 0.596483 0.618915 0.599351 0.514515 -9.082330e+05 0.598115 0.516192 -8.998219e+05
0.100000 0.001000 0.100000 50 0.597673 0.596662 0.599042 0.536141 -9.624060e+05 0.590080 0.551213 -9.531727e+05
0.100000 0.001500 0.100000 50 0.596681 0.596662 0.598269 0.535456 -9.619210e+05 0.588535 0.546610 -9.526106e+05
0.100000 0.010000 0.100000 50 0.598665 0.598053 0.598578 0.535586 -9.599940e+05 0.587454 0.548768 -9.506190e+05
0.100000 0.025000 0.100000 50 0.599061 0.598053 0.599660 0.540017 -9.568570e+05 0.585909 0.553539 -9.474037e+05
0.100000 0.050000 0.100000 50 0.599458 0.596662 0.602905 0.558421 -9.519350e+05 0.584981 0.543596 -9.423559e+05
0.100000 0.100000 0.100000 50 0.600053 0.602225 0.605532 0.563868 -9.432210e+05 0.588999 0.547413 -9.333757e+05
0.100000 0.500000 0.100000 50 0.606267 0.621697 0.624691 0.549754 -9.087030e+05 0.615575 0.551044 -8.958054e+05
0.100000 0.001000 1.000000 50 0.637403 0.638387 0.644623 0.588390 -9.565860e+05 0.624691 0.579910 -9.415635e+05
0.100000 0.001500 1.000000 50 0.637469 0.638387 0.644778 0.588482 -9.565640e+05 0.624691 0.582960 -9.415350e+05
0.100000 0.010000 1.000000 50 0.638197 0.631433 0.644468 0.584885 -9.558290e+05 0.625155 0.586345 -9.408300e+05
0.100000 0.025000 1.000000 50 0.639981 0.646732 0.646168 0.573952 -9.542500e+05 0.631026 0.584568 -9.380294e+05
0.100000 0.050000 1.000000 50 0.642295 0.656467 0.643232 0.577321 -9.511780e+05 0.635816 0.594500 -9.323503e+05
0.100000 0.100000 1.000000 50 0.638329 0.652295 0.639833 0.574314 -9.452200e+05 0.628090 0.582152 -9.251073e+05
0.100000 0.500000 1.000000 50 0.631916 0.630042 0.624382 0.569317 -9.206140e+05 0.633807 0.580551 -8.941369e+05
