0.900000 0.001000 0.001000 50 0.693736 0.710952 0.706025 0.706016 -1.896350e+07 0.698672 0.698664 -1.890491e+07
0.900000 0.001500 0.001000 50 0.693532 0.710952 0.706131 0.706122 -1.895770e+07 0.698619 0.698611 -1.889898e+07
0.900000 0.010000 0.001000 50 0.695572 0.710952 0.706290 0.706281 -1.886890e+07 0.698672 0.698664 -1.880971e+07
0.900000 0.025000 0.001000 50 0.696593 0.712857 0.706978 0.706968 -1.875720e+07 0.698937 0.698928 -1.869986e+07
0.900000 0.050000 0.001000 50 0.695164 0.715238 0.708300 0.708290 -1.864130e+07 0.700101 0.700092 -1.858421e+07
0.900000 0.100000 0.001000 50 0.697613 0.713333 0.708036 0.708026 -1.850890e+07 0.701264 0.701255 -1.845230e+07
0.900000 0.500000 0.001000 50 0.687615 0.700000 0.701000 0.700990 -1.822200e+07 0.696874 0.696864 -1.816252e+07
0.900000 0.001000 0.010000 50 0.694960 0.711429 0.706766 0.706757 -1.896450e+07 0.701000 0.700991 -1.890161e+07
0.900000 0.001500 0.010000 50 0.696388 0.710000 0.707718 0.707709 -1.895630e+07 0.700947 0.700939 -1.889551e+07
0.900000 0.010000 0.010000 50 0.698429 0.711905 0.708671 0.708661 -1.886410e+07 0.700947 0.700938 -1.880313e+07
0.900000 0.025000 0.010000 50 0.698633 0.711905 0.709729 0.709718 -1.874970e+07 0.701688 0.701679 -1.868798e+07
0.900000 0.050000 0.010000 50 0.700265 0.709524 0.709676 0.709665 -1.863220e+07 0.702851 0.702842 -1.856967e+07
0.900000 0.100000 0.010000 50 0.699041 0.706667 0.710205 0.710194 -1.849890e+07 0.702005 0.701996 -1.843601e+07
0.900000 0.500000 0.010000 50 0.690879 0.691429 0.699783 0.699773 -1.821370e+07 0.696450 0.696441 -1.814664e+07
0.900000 0.001000 0.100000 50 0.698837 0.713810 0.707771 0.707762 -1.896740e+07 0.700418 0.700409 -1.889379e+07
0.900000 0.001500 0.100000 50 0.698837 0.714762 0.708036 0.708027 -1.896150e+07 0.700365 0.700356 -1.888783e+07
0.900000 0.010000 0.100000 50 0.700673 0.716667 0.709200 0.709190 -1.887070e+07 0.701159 0.701150 -1.879553e+07
0.900000 0.025000 0.100000 50 0.701898 0.718095 0.711421 0.711412 -1.875380e+07 0.701476 0.701467 -1.867478e+07
0.900000 0.050000 0.100000 50 0.701489 0.716667 0.710575 0.710565 -1.863620e+07 0.702111 0.702102 -1.855543e+07
0.900000 0.100000 0.100000 50 0.699857 0.715714 0.709305 0.709295 -1.850350e+07 0.700894 0.700885 -1.842165e+07
0.900000 0.500000 0.100000 50 0.693532 0.703333 0.700788 0.700777 -1.822170e+07 0.694863 0.694853 -1.813382e+07
0.900000 0.001000 1.000000 50 0.706795 0.719048 0.721155 0.721144 -1.897020e+07 0.712162 0.712153 -1.885709e+07
0.900000 0.001500 1.000000 50 0.706590 0.719524 0.721367 0.721356 -1.896410e+07 0.712056 0.712047 -1.885081e+07
0.900000 0.010000 1.000000 50 0.711283 0.720476 0.721896 0.721884 -1.886810e+07 0.713538 0.713527 -1.874731e+07
0.900000 0.025000 1.000000 50 0.714752 0.720952 0.723906 0.723894 -1.875580e+07 0.716923 0.716912 -1.862517e+07
0.900000 0.050000 1.000000 50 0.715568 0.721429 0.725546 0.725534 -1.864710e+07 0.719357 0.719346 -1.850733e+07
0.900000 0.100000 1.000000 50 0.715160 0.719524 0.725493 0.725481 -1.852560e+07 0.719357 0.719345 -1.838496e+07
0.900000 0.500000 1.000000 50 0.702510 0.707619 0.716236 0.716221 -1.827090e+07 0.712532 0.712518 -1.812839e+07
