0.100000 0.001000 0.001000 50 0.680347 0.691429 0.683860 0.683853 -1.893230e+07 0.683278 0.683271 -1.888428e+07
0.100000 0.001500 0.001000 50 0.680302 0.691429 0.684071 0.684065 -1.892670e+07 0.683436 0.683430 -1.887858e+07
0.100000 0.010000 0.001000 50 0.680075 0.689524 0.683172 0.683165 -1.883860e+07 0.683119 0.683112 -1.878757e+07
0.100000 0.025000 0.001000 50 0.680801 0.691429 0.685182 0.685176 -1.873400e+07 0.684971 0.684964 -1.868173e+07
0.100000 0.050000 0.001000 50 0.682003 0.690952 0.685711 0.685704 -1.862540e+07 0.685394 0.685387 -1.857095e+07
0.100000 0.100000 0.001000 50 0.683091 0.691429 0.687827 0.687820 -1.850090e+07 0.687298 0.687291 -1.844406e+07
0.100000 0.500000 0.001000 50 0.675812 0.679524 0.679522 0.679514 -1.822110e+07 0.679680 0.679673 -1.815968e+07
0.100000 0.001000 0.010000 50 0.680007 0.687143 0.681744 0.681737 -1.892220e+07 0.681902 0.681896 -1.886684e+07
0.100000 0.001500 0.010000 50 0.680098 0.686667 0.681532 0.681526 -1.891650e+07 0.681902 0.681896 -1.886113e+07
0.100000 0.010000 0.010000 50 0.680347 0.686190 0.682273 0.682266 -1.883030e+07 0.682802 0.682795 -1.877302e+07
0.100000 0.025000 0.010000 50 0.680869 0.684286 0.683595 0.683589 -1.872170e+07 0.683595 0.683589 -1.866470e+07
0.100000 0.050000 0.010000 50 0.683227 0.688095 0.684389 0.684382 -1.861170e+07 0.685024 0.685017 -1.855220e+07
0.100000 0.100000 0.010000 50 0.684179 0.691905 0.687722 0.687715 -1.848530e+07 0.687986 0.687979 -1.842289e+07
0.100000 0.500000 0.010000 50 0.682502 0.687143 0.684759 0.684751 -1.820050e+07 0.684071 0.684064 -1.813088e+07
0.100000 0.001000 0.100000 50 0.679168 0.678571 0.681003 0.680999 -1.892950e+07 0.681320 0.681316 -1.886731e+07
0.100000 0.001500 0.100000 50 0.679123 0.678095 0.681215 0.681210 -1.892380e+07 0.681426 0.681422 -1.886159e+07
0.100000 0.010000 0.100000 50 0.681300 0.678095 0.683436 0.683432 -1.883880e+07 0.683278 0.683273 -1.877552e+07
0.100000 0.025000 0.100000 50 0.683545 0.685238 0.685076 0.685071 -1.873140e+07 0.684177 0.684171 -1.866323e+07
0.100000 0.050000 0.100000 50 0.685064 0.685714 0.686134 0.686129 -1.862560e+07 0.685817 0.685811 -1.855356e+07
0.100000 0.100000 0.100000 50 0.686447 0.687619 0.686981 0.686974 -1.850390e+07 0.687457 0.687450 -1.842815e+07
0.100000 0.500000 0.100000 50 0.682048 0.681905 0.685024 0.685016 -1.822440e+07 0.684653 0.684645 -1.814188e+07
0.100000 0.001000 1.000000 50 0.680914 0.685714 0.682008 0.682004 -1.892120e+07 0.681744 0.681739 -1.882917e+07
0.100000 0.001500 1.000000 50 0.680801 0.685714 0.682484 0.682480 -1.891520e+07 0.681585 0.681580 -1.882318e+07
0.100000 0.010000 1.000000 50 0.682592 0.688571 0.684389 0.684384 -1.882340e+07 0.683172 0.683167 -1.873102e+07
0.100000 0.025000 1.000000 50 0.685087 0.686190 0.686505 0.686500 -1.871850e+07 0.684230 0.684225 -1.861841e+07
0.100000 0.050000 1.000000 50 0.687830 0.689048 0.688409 0.688403 -1.861360e+07 0.686875 0.686869 -1.850413e+07
0.100000 0.100000 1.000000 50 0.689259 0.684286 0.691001 0.690995 -1.849760e+07 0.688303 0.688297 -1.837718e+07
0.100000 0.500000 1.000000 50 0.683114 0.685238 0.685341 0.685333 -1.822080e+07 0.683384 0.683376 -1.809186e+07
