0.900000 0.001000 0.001000 50 0.695164 0.704762 0.703857 0.703847 -1.896610e+07 0.697720 0.697711 -1.890751e+07
0.900000 0.001500 0.001000 50 0.695572 0.704762 0.703698 0.703688 -1.896020e+07 0.697932 0.697923 -1.890157e+07
0.900000 0.010000 0.001000 50 0.696797 0.707143 0.704491 0.704482 -1.887150e+07 0.698619 0.698611 -1.881238e+07
0.900000 0.025000 0.001000 50 0.699449 0.710476 0.705814 0.705804 -1.875970e+07 0.700206 0.700198 -1.869897e+07
0.900000 0.050000 0.001000 50 0.699041 0.710476 0.706396 0.706386 -1.864450e+07 0.700524 0.700515 -1.858393e+07
0.900000 0.100000 0.001000 50 0.697205 0.710476 0.706078 0.706068 -1.851250e+07 0.700894 0.700885 -1.845170e+07
0.900000 0.500000 0.001000 50 0.689655 0.695714 0.697561 0.697550 -1.822400e+07 0.692218 0.692208 -1.816389e+07
0.900000 0.001000 0.010000 50 0.700469 0.706667 0.709570 0.709560 -1.896450e+07 0.700471 0.700462 -1.890454e+07
0.900000 0.001500 0.010000 50 0.699857 0.706667 0.709623 0.709613 -1.895880e+07 0.700630 0.700621 -1.889878e+07
0.900000 0.010000 0.010000 50 0.702102 0.706667 0.709940 0.709930 -1.887270e+07 0.701264 0.701255 -1.881283e+07
0.900000 0.025000 0.010000 50 0.703122 0.706667 0.710840 0.710829 -1.876540e+07 0.702798 0.702789 -1.870485e+07
0.900000 0.050000 0.010000 50 0.701285 0.709048 0.710416 0.710405 -1.865160e+07 0.704809 0.704799 -1.858499e+07
0.900000 0.100000 0.010000 50 0.701081 0.707143 0.709993 0.709982 -1.851980e+07 0.704915 0.704904 -1.845310e+07
0.900000 0.500000 0.010000 50 0.695980 0.700952 0.701370 0.701358 -1.822260e+07 0.697032 0.697021 -1.815946e+07
0.900000 0.001000 0.100000 50 0.703122 0.709524 0.711898 0.711888 -1.896890e+07 0.705708 0.705699 -1.889587e+07
0.900000 0.001500 0.100000 50 0.703122 0.709524 0.711898 0.711888 -1.896310e+07 0.705708 0.705699 -1.889006e+07
0.900000 0.010000 0.100000 50 0.703938 0.709524 0.712956 0.712945 -1.887310e+07 0.705867 0.705858 -1.879920e+07
0.900000 0.025000 0.100000 50 0.705366 0.711429 0.714331 0.714320 -1.875830e+07 0.706978 0.706968 -1.867970e+07
0.900000 0.050000 0.100000 50 0.702714 0.711429 0.714331 0.714320 -1.864340e+07 0.708194 0.708184 -1.856303e+07
0.900000 0.100000 0.100000 50 0.703938 0.711429 0.714067 0.714055 -1.851300e+07 0.708089 0.708078 -1.843082e+07
0.900000 0.500000 0.100000 50 0.692920 0.705238 0.704121 0.704110 -1.822940e+07 0.697085 0.697075 -1.814588e+07
0.900000 0.001000 1.000000 50 0.706795 0.718571 0.722584 0.722572 -1.896620e+07 0.712321 0.712311 -1.885438e+07
0.900000 0.001500 1.000000 50 0.706999 0.718571 0.722584 0.722572 -1.896000e+07 0.712215 0.712206 -1.884796e+07
0.900000 0.010000 1.000000 50 0.707611 0.721905 0.722055 0.722043 -1.886350e+07 0.712321 0.712311 -1.874502e+07
0.900000 0.025000 1.000000 50 0.709243 0.723333 0.723906 0.723894 -1.875190e+07 0.713908 0.713898 -1.862122e+07
0.900000 0.050000 1.000000 50 0.712304 0.720000 0.722584 0.722572 -1.864720e+07 0.715601 0.715590 -1.851144e+07
0.900000 0.100000 1.000000 50 0.711896 0.716190 0.721843 0.721831 -1.852690e+07 0.715072 0.715061 -1.838740e+07
0.900000 0.500000 1.000000 50 0.702714 0.704762 0.710681 0.710668 -1.826710e+07 0.704333 0.704321 -1.812661e+07
