0.010000 0.001000 0.001000 50 0.678547 0.681429 0.680051 0.680045 -1.892620e+07 0.680950 0.680944 -1.887537e+07
0.010000 0.001500 0.001000 50 0.678650 0.681905 0.680262 0.680256 -1.892060e+07 0.681056 0.681050 -1.886976e+07
0.010000 0.010000 0.001000 50 0.678568 0.680000 0.680897 0.680891 -1.883620e+07 0.682855 0.682848 -1.878603e+07
0.010000 0.025000 0.001000 50 0.679722 0.683810 0.683278 0.683272 -1.873510e+07 0.684283 0.684277 -1.868299e+07
0.010000 0.050000 0.001000 50 0.681495 0.681905 0.684600 0.684594 -1.862840e+07 0.685182 0.685176 -1.857418e+07
0.010000 0.100000 0.001000 50 0.682031 0.678571 0.684759 0.684753 -1.850480e+07 0.685447 0.685440 -1.844860e+07
0.010000 0.500000 0.001000 50 0.671621 0.666190 0.672274 0.672266 -1.822520e+07 0.674073 0.674065 -1.816470e+07
0.010000 0.001000 0.010000 50 0.681124 0.687143 0.681691 0.681683 -1.892840e+07 0.682749 0.682741 -1.887264e+07
0.010000 0.001500 0.010000 50 0.681330 0.687143 0.681744 0.681736 -1.892260e+07 0.682643 0.682635 -1.886671e+07
0.010000 0.010000 0.010000 50 0.681557 0.687619 0.682220 0.682212 -1.883330e+07 0.683542 0.683535 -1.877847e+07
0.010000 0.025000 0.010000 50 0.682567 0.685238 0.684706 0.684698 -1.872910e+07 0.685341 0.685332 -1.867165e+07
0.010000 0.050000 0.010000 50 0.683742 0.681905 0.685182 0.685174 -1.862120e+07 0.685341 0.685332 -1.855692e+07
0.010000 0.100000 0.010000 50 0.684752 0.684762 0.686558 0.686548 -1.849820e+07 0.686981 0.686972 -1.843124e+07
0.010000 0.500000 0.010000 50 0.680237 0.671429 0.679733 0.679723 -1.822280e+07 0.680474 0.680464 -1.815440e+07
0.010000 0.001000 0.100000 50 0.682959 0.685238 0.684812 0.684805 -1.892890e+07 0.687510 0.687503 -1.886581e+07
0.010000 0.001500 0.100000 50 0.682959 0.685238 0.685235 0.685228 -1.892340e+07 0.687298 0.687291 -1.886015e+07
0.010000 0.010000 0.100000 50 0.684381 0.687619 0.687510 0.687503 -1.883370e+07 0.688568 0.688561 -1.876756e+07
0.010000 0.025000 0.100000 50 0.686566 0.688095 0.689150 0.689143 -1.872770e+07 0.690578 0.690571 -1.865881e+07
0.010000 0.050000 0.100000 50 0.688318 0.685238 0.691954 0.691946 -1.861570e+07 0.692800 0.692793 -1.854102e+07
0.010000 0.100000 0.100000 50 0.688483 0.689048 0.691319 0.691311 -1.849350e+07 0.692430 0.692422 -1.841453e+07
0.010000 0.500000 0.100000 50 0.675702 0.678571 0.680897 0.680889 -1.822610e+07 0.681691 0.681683 -1.813735e+07
0.010000 0.001000 1.000000 50 0.681351 0.680000 0.683013 0.683007 -1.893050e+07 0.684759 0.684753 -1.882042e+07
0.010000 0.001500 1.000000 50 0.681680 0.681429 0.683436 0.683430 -1.892370e+07 0.684653 0.684647 -1.881360e+07
0.010000 0.010000 1.000000 50 0.685494 0.687619 0.686928 0.686921 -1.882700e+07 0.688780 0.688773 -1.870869e+07
0.010000 0.025000 1.000000 50 0.690627 0.689048 0.691742 0.691734 -1.872480e+07 0.691689 0.691682 -1.859352e+07
0.010000 0.050000 1.000000 50 0.694152 0.692857 0.694070 0.694061 -1.863270e+07 0.694070 0.694062 -1.848865e+07
0.010000 0.100000 1.000000 50 0.696852 0.697619 0.697614 0.697604 -1.852590e+07 0.696715 0.696705 -1.837338e+07
0.010000 0.500000 1.000000 50 0.690771 0.688571 0.693541 0.693529 -1.828430e+07 0.694387 0.694376 -1.813327e+07
