0.100000 0.001000 0.001000 50 0.674475 0.678095 0.678199 0.678194 -1.893300e+07 0.677247 0.677242 -1.888541e+07
0.100000 0.001500 0.001000 50 0.674543 0.677619 0.678252 0.678247 -1.892740e+07 0.677512 0.677506 -1.887966e+07
0.100000 0.010000 0.001000 50 0.675744 0.678571 0.679575 0.679570 -1.883980e+07 0.678940 0.678935 -1.878933e+07
0.100000 0.025000 0.001000 50 0.677014 0.677143 0.681268 0.681262 -1.873490e+07 0.680950 0.680945 -1.868242e+07
0.100000 0.050000 0.001000 50 0.678284 0.679048 0.682643 0.682637 -1.862560e+07 0.682802 0.682796 -1.857096e+07
0.100000 0.100000 0.001000 50 0.679372 0.679524 0.682590 0.682583 -1.849950e+07 0.682167 0.682160 -1.844277e+07
0.100000 0.500000 0.001000 50 0.674565 0.672381 0.677776 0.677768 -1.821600e+07 0.677617 0.677609 -1.815548e+07
0.100000 0.001000 0.010000 50 0.677989 0.685238 0.679522 0.679516 -1.893520e+07 0.679469 0.679463 -1.888121e+07
0.100000 0.001500 0.010000 50 0.678148 0.684762 0.679522 0.679516 -1.892980e+07 0.679469 0.679463 -1.887578e+07
0.100000 0.010000 0.010000 50 0.678511 0.684762 0.680104 0.680098 -1.884850e+07 0.679416 0.679410 -1.879349e+07
0.100000 0.025000 0.010000 50 0.679554 0.685714 0.680474 0.680469 -1.874380e+07 0.680844 0.680838 -1.868919e+07
0.100000 0.050000 0.010000 50 0.680234 0.685714 0.682273 0.682267 -1.863560e+07 0.682273 0.682267 -1.857764e+07
0.100000 0.100000 0.010000 50 0.680506 0.685238 0.682749 0.682743 -1.851070e+07 0.682855 0.682848 -1.844948e+07
0.100000 0.500000 0.010000 50 0.674611 0.677143 0.675184 0.675178 -1.823330e+07 0.676295 0.676289 -1.816507e+07
0.100000 0.001000 0.100000 50 0.684678 0.689524 0.685182 0.685176 -1.893580e+07 0.686875 0.686869 -1.887511e+07
0.100000 0.001500 0.100000 50 0.684724 0.690000 0.685341 0.685335 -1.893070e+07 0.686558 0.686552 -1.886998e+07
0.100000 0.010000 0.100000 50 0.685676 0.693333 0.687087 0.687081 -1.884580e+07 0.687087 0.687081 -1.878264e+07
0.100000 0.025000 0.100000 50 0.686696 0.690000 0.688251 0.688245 -1.874370e+07 0.688356 0.688350 -1.867714e+07
0.100000 0.050000 0.100000 50 0.688057 0.694286 0.689785 0.689778 -1.863760e+07 0.690314 0.690307 -1.856682e+07
0.100000 0.100000 0.100000 50 0.688465 0.695714 0.690737 0.690730 -1.851650e+07 0.691266 0.691259 -1.844098e+07
0.100000 0.500000 0.100000 50 0.680619 0.679524 0.682802 0.682793 -1.823570e+07 0.682167 0.682159 -1.815412e+07
0.100000 0.001000 1.000000 50 0.684474 0.687619 0.685288 0.685282 -1.892610e+07 0.686029 0.686024 -1.882643e+07
0.100000 0.001500 1.000000 50 0.684610 0.688571 0.685553 0.685547 -1.892010e+07 0.685605 0.685601 -1.881565e+07
0.100000 0.010000 1.000000 50 0.686039 0.686667 0.688303 0.688298 -1.882440e+07 0.688409 0.688404 -1.871137e+07
0.100000 0.025000 1.000000 50 0.689894 0.690000 0.692536 0.692530 -1.871560e+07 0.691425 0.691419 -1.858950e+07
0.100000 0.050000 1.000000 50 0.692252 0.692381 0.695815 0.695809 -1.861650e+07 0.695022 0.695016 -1.847857e+07
0.100000 0.100000 1.000000 50 0.694429 0.697143 0.697297 0.697290 -1.850700e+07 0.696874 0.696867 -1.836445e+07
0.100000 0.500000 1.000000 50 0.692411 0.692857 0.698672 0.698663 -1.825530e+07 0.699307 0.699297 -1.811191e+07
