0.300000 0.001000 0.001000 50 0.669135 0.695495 0.678254 0.670524 -3.730530e+06 0.665416 0.657664 -3.700193e+06
0.300000 0.001500 0.001000 50 0.670224 0.693694 0.678649 0.670970 -3.728620e+06 0.666996 0.659167 -3.698278e+06
0.300000 0.010000 0.001000 50 0.678719 0.691892 0.686549 0.678644 -3.711830e+06 0.677266 0.668686 -3.680539e+06
0.300000 0.025000 0.001000 50 0.679917 0.684685 0.685167 0.676873 -3.699160e+06 0.683587 0.674336 -3.667389e+06
0.300000 0.050000 0.001000 50 0.681006 0.681081 0.685759 0.676774 -3.687140e+06 0.686154 0.676227 -3.655041e+06
0.300000 0.100000 0.001000 50 0.679808 0.673874 0.683587 0.673452 -3.672870e+06 0.681809 0.671308 -3.640655e+06
0.300000 0.500000 0.001000 50 0.660531 0.664865 0.665811 0.654590 -3.634380e+06 0.662058 0.649851 -3.600868e+06
0.300000 0.001000 0.010000 50 0.670551 0.684685 0.680032 0.671383 -3.731940e+06 0.672724 0.662592 -3.698347e+06
0.300000 0.001500 0.010000 50 0.670987 0.682883 0.678847 0.669414 -3.730280e+06 0.674304 0.664114 -3.696550e+06
0.300000 0.010000 0.010000 50 0.670878 0.679279 0.686944 0.676919 -3.714760e+06 0.677464 0.666593 -3.680228e+06
0.300000 0.025000 0.010000 50 0.669135 0.691892 0.685167 0.674993 -3.701720e+06 0.675884 0.665297 -3.666788e+06
0.300000 0.050000 0.010000 50 0.667393 0.686486 0.686549 0.676860 -3.689350e+06 0.678254 0.668019 -3.653967e+06
0.300000 0.100000 0.010000 50 0.668373 0.690090 0.687932 0.678028 -3.674610e+06 0.686944 0.676329 -3.638796e+06
0.300000 0.500000 0.010000 50 0.662056 0.661261 0.668773 0.658425 -3.635540e+06 0.672724 0.661378 -3.598198e+06
0.300000 0.001000 0.100000 50 0.694075 0.699099 0.708868 0.702996 -3.730520e+06 0.704721 0.698061 -3.689577e+06
0.300000 0.001500 0.100000 50 0.695164 0.699099 0.709658 0.703448 -3.728440e+06 0.705116 0.698558 -3.687605e+06
0.300000 0.010000 0.100000 50 0.697234 0.702703 0.710053 0.702324 -3.710190e+06 0.710448 0.702567 -3.667093e+06
0.300000 0.025000 0.100000 50 0.698867 0.704505 0.710053 0.701752 -3.697090e+06 0.707881 0.699490 -3.653595e+06
0.300000 0.050000 0.100000 50 0.696145 0.699099 0.712818 0.703797 -3.685850e+06 0.707486 0.698470 -3.642885e+06
0.300000 0.100000 0.100000 50 0.695164 0.702703 0.707881 0.697110 -3.673960e+06 0.703930 0.692884 -3.629663e+06
0.300000 0.500000 0.100000 50 0.678393 0.691892 0.683192 0.670314 -3.641090e+06 0.685364 0.671842 -3.594873e+06
0.300000 0.001000 1.000000 50 0.620344 0.637838 0.635592 0.629351 -3.737240e+06 0.632234 0.623242 -3.671294e+06
0.300000 0.001500 1.000000 50 0.622958 0.632432 0.636579 0.630154 -3.736330e+06 0.628086 0.619260 -3.669783e+06
0.300000 0.010000 1.000000 50 0.631997 0.636036 0.642307 0.635070 -3.724710e+06 0.638554 0.628809 -3.658563e+06
0.300000 0.025000 1.000000 50 0.639185 0.654054 0.656133 0.648114 -3.715950e+06 0.642504 0.631974 -3.649604e+06
0.300000 0.050000 1.000000 50 0.638423 0.650450 0.659095 0.650316 -3.708200e+06 0.647640 0.635349 -3.640292e+06
0.300000 0.100000 1.000000 50 0.641690 0.652252 0.660083 0.649551 -3.698850e+06 0.653763 0.640253 -3.630112e+06
0.300000 0.500000 1.000000 50 0.656502 0.634234 0.646652 0.635265 -3.673600e+06 0.656330 0.640912 -3.607288e+06
