0.700000 0.001000 0.001000 50 0.691273 0.688288 0.700178 0.690414 -3.729570e+06 0.685759 0.675088 -3.698687e+06
0.700000 0.001500 0.001000 50 0.688737 0.693694 0.699190 0.689259 -3.727750e+06 0.687735 0.677074 -3.696363e+06
0.700000 0.010000 0.001000 50 0.693049 0.699099 0.706498 0.695559 -3.711810e+06 0.692080 0.680966 -3.679918e+06
0.700000 0.025000 0.001000 50 0.695332 0.693694 0.709066 0.698317 -3.698920e+06 0.695042 0.683842 -3.666843e+06
0.700000 0.050000 0.001000 50 0.697869 0.697297 0.707683 0.696519 -3.686520e+06 0.695437 0.683523 0.000000e+00
0.700000 0.100000 0.001000 50 0.699137 0.700901 0.704918 0.693409 -3.671830e+06 0.695042 0.683098 -3.639772e+06
0.700000 0.500000 0.001000 50 0.690259 0.688288 0.686747 0.674888 -3.631890e+06 0.683389 0.670292 -3.598458e+06
0.700000 0.001000 0.010000 50 0.694318 0.700901 0.709066 0.701246 -3.725020e+06 0.686154 0.679125 -3.688919e+06
0.700000 0.001500 0.010000 50 0.694318 0.700901 0.709263 0.701451 -3.722850e+06 0.691685 0.684612 -3.687761e+06
0.700000 0.010000 0.010000 50 0.696347 0.693694 0.712028 0.704187 -3.705070e+06 0.695240 0.687481 -3.668806e+06
0.700000 0.025000 0.010000 50 0.699137 0.691892 0.707486 0.698946 -3.691080e+06 0.696030 0.687449 -3.654306e+06
0.700000 0.050000 0.010000 50 0.698884 0.699099 0.704325 0.694924 -3.678080e+06 0.695240 0.685639 -3.641053e+06
0.700000 0.100000 0.010000 50 0.699645 0.693694 0.701363 0.692059 -3.663060e+06 0.693067 0.683021 -3.625753e+06
0.700000 0.500000 0.010000 50 0.684932 0.686486 0.697018 0.687542 -3.624490e+06 0.692277 0.682376 -3.586302e+06
0.700000 0.001000 0.100000 50 0.703704 0.718919 0.720719 0.711991 -3.732090e+06 0.696623 0.687396 -3.691808e+06
0.700000 0.001500 0.100000 50 0.706240 0.717117 0.722102 0.713040 -3.729840e+06 0.697018 0.687498 -3.689365e+06
0.700000 0.010000 0.100000 50 0.709285 0.729730 0.718151 0.708388 -3.713960e+06 0.698598 0.687917 -3.671594e+06
0.700000 0.025000 0.100000 50 0.708016 0.722523 0.713609 0.703661 -3.701470e+06 0.696820 0.685678 -3.658416e+06
0.700000 0.050000 0.100000 50 0.703450 0.720721 0.708078 0.698136 -3.689960e+06 0.694845 0.683633 -3.646239e+06
0.700000 0.100000 0.100000 50 0.703704 0.717117 0.706893 0.696945 -3.676260e+06 0.697610 0.686349 -3.633200e+06
0.700000 0.500000 0.100000 50 0.681634 0.677477 0.682402 0.671630 -3.640780e+06 0.678649 0.667669 -3.595404e+06
0.700000 0.001000 1.000000 50 0.673516 0.715315 0.711238 0.703172 -3.737950e+06 0.684377 0.672021 -3.665424e+06
0.700000 0.001500 1.000000 50 0.675038 0.713514 0.710843 0.702539 -3.736800e+06 0.686549 0.674003 -3.664209e+06
0.700000 0.010000 1.000000 50 0.682395 0.717117 0.714004 0.704888 -3.724390e+06 0.690105 0.676751 -3.652577e+06
0.700000 0.025000 1.000000 50 0.683917 0.724324 0.710251 0.700528 -3.714080e+06 0.689710 0.676230 -3.642778e+06
0.700000 0.050000 1.000000 50 0.685185 0.718919 0.703733 0.693328 -3.706450e+06 0.688525 0.674971 -3.636148e+06
0.700000 0.100000 1.000000 50 0.683156 0.700901 0.698993 0.688675 -3.697400e+06 0.685759 0.671621 -3.627589e+06
0.700000 0.500000 1.000000 50 0.677575 0.655856 0.664231 0.653155 -3.670530e+06 0.684179 0.669210 -3.604456e+06
