0.300000 0.001000 0.001000 50 0.684033 0.681429 0.686134 0.686129 -1.894090e+07 0.683648 0.683643 -1.889116e+07
0.300000 0.001500 0.001000 50 0.683945 0.682381 0.686082 0.686076 -1.893520e+07 0.683278 0.683272 -1.888540e+07
0.300000 0.010000 0.001000 50 0.685549 0.684286 0.686928 0.686922 -1.884890e+07 0.686029 0.686023 -1.879814e+07
0.300000 0.025000 0.001000 50 0.686190 0.685238 0.689150 0.689144 -1.874020e+07 0.687563 0.687557 -1.868636e+07
0.300000 0.050000 0.001000 50 0.686481 0.682857 0.689838 0.689831 -1.862900e+07 0.688885 0.688879 -1.857368e+07
0.300000 0.100000 0.001000 50 0.686015 0.681905 0.689097 0.689090 -1.850120e+07 0.687616 0.687609 -1.844416e+07
0.300000 0.500000 0.001000 50 0.678289 0.672381 0.681320 0.681312 -1.821520e+07 0.679945 0.679937 -1.815517e+07
0.300000 0.001000 0.010000 50 0.685257 0.687619 0.686505 0.686498 -1.894090e+07 0.685553 0.685546 -1.889053e+07
0.300000 0.001500 0.010000 50 0.685315 0.687619 0.686452 0.686446 -1.893540e+07 0.685764 0.685758 -1.888508e+07
0.300000 0.010000 0.010000 50 0.685636 0.691429 0.688303 0.688297 -1.885400e+07 0.686663 0.686657 -1.879765e+07
0.300000 0.025000 0.010000 50 0.687356 0.692857 0.688938 0.688931 -1.875190e+07 0.687827 0.687821 -1.869306e+07
0.300000 0.050000 0.010000 50 0.687298 0.691905 0.690367 0.690359 -1.864220e+07 0.688515 0.688508 -1.858069e+07
0.300000 0.100000 0.010000 50 0.687152 0.691429 0.690155 0.690148 -1.851580e+07 0.687880 0.687873 -1.845169e+07
0.300000 0.500000 0.010000 50 0.678843 0.682857 0.681479 0.681472 -1.823360e+07 0.679680 0.679674 -1.816530e+07
0.300000 0.001000 0.100000 50 0.685811 0.690476 0.688780 0.688774 -1.893850e+07 0.686505 0.686499 -1.887433e+07
0.300000 0.001500 0.100000 50 0.685898 0.691905 0.688780 0.688774 -1.893250e+07 0.686452 0.686446 -1.886833e+07
0.300000 0.010000 0.100000 50 0.686948 0.694762 0.691001 0.690996 -1.884110e+07 0.687880 0.687875 -1.877423e+07
0.300000 0.025000 0.100000 50 0.687677 0.697619 0.691530 0.691525 -1.872710e+07 0.688568 0.688562 -1.865520e+07
0.300000 0.050000 0.100000 50 0.688347 0.700476 0.693276 0.693270 -1.861620e+07 0.689203 0.689197 -1.854052e+07
0.300000 0.100000 0.100000 50 0.689630 0.698571 0.692165 0.692159 -1.849290e+07 0.688145 0.688138 -1.841371e+07
0.300000 0.500000 0.100000 50 0.683275 0.687143 0.689573 0.689565 -1.822650e+07 0.686611 0.686602 -1.813825e+07
0.300000 0.001000 1.000000 50 0.694849 0.695238 0.699254 0.699247 -1.893450e+07 0.693805 0.693800 -1.882881e+07
0.300000 0.001500 1.000000 50 0.694790 0.694762 0.699466 0.699458 -1.892840e+07 0.693911 0.693905 -1.882221e+07
0.300000 0.010000 1.000000 50 0.697035 0.696667 0.700788 0.700781 -1.883210e+07 0.697455 0.697449 -1.871734e+07
0.300000 0.025000 1.000000 50 0.700271 0.699524 0.705444 0.705436 -1.872150e+07 0.702111 0.702104 -1.859389e+07
0.300000 0.050000 1.000000 50 0.702895 0.700000 0.707189 0.707182 -1.862080e+07 0.703380 0.703373 -1.848624e+07
0.300000 0.100000 1.000000 50 0.704615 0.702857 0.707295 0.707288 -1.850740e+07 0.703962 0.703955 -1.836776e+07
0.300000 0.500000 1.000000 50 0.698872 0.700476 0.703857 0.703847 -1.825240e+07 0.702957 0.702947 -1.811168e+07
