0.200000 0.001000 0.001000 50 0.684625 0.688571 0.685076 0.685070 -1.893910e+07 0.683595 0.683589 -1.889102e+07
0.200000 0.001500 0.001000 50 0.684600 0.688571 0.684918 0.684911 -1.893350e+07 0.683489 0.683483 -1.888538e+07
0.200000 0.010000 0.001000 50 0.685518 0.689048 0.686716 0.686710 -1.885010e+07 0.683701 0.683695 -1.879681e+07
0.200000 0.025000 0.001000 50 0.686768 0.692381 0.687087 0.687081 -1.874480e+07 0.685658 0.685652 -1.869125e+07
0.200000 0.050000 0.001000 50 0.687585 0.695238 0.687827 0.687821 -1.863650e+07 0.687827 0.687821 -1.858120e+07
0.200000 0.100000 0.001000 50 0.687967 0.695238 0.688515 0.688508 -1.851190e+07 0.688727 0.688720 -1.845543e+07
0.200000 0.500000 0.001000 50 0.679855 0.689048 0.682643 0.682635 -1.823010e+07 0.682008 0.682000 -1.816997e+07
0.200000 0.001000 0.010000 50 0.685059 0.688571 0.685394 0.685387 -1.892770e+07 0.684653 0.684647 -1.887701e+07
0.200000 0.001500 0.010000 50 0.685161 0.688571 0.685447 0.685440 -1.892180e+07 0.684706 0.684699 -1.887109e+07
0.200000 0.010000 0.010000 50 0.685493 0.688095 0.686822 0.686815 -1.883210e+07 0.685182 0.685175 -1.877388e+07
0.200000 0.025000 0.010000 50 0.686335 0.688571 0.688621 0.688614 -1.871850e+07 0.686716 0.686709 -1.866109e+07
0.200000 0.050000 0.010000 50 0.687814 0.690476 0.689467 0.689460 -1.860580e+07 0.688409 0.688402 -1.854570e+07
0.200000 0.100000 0.010000 50 0.687993 0.690952 0.689361 0.689353 -1.847760e+07 0.688727 0.688719 -1.841510e+07
0.200000 0.500000 0.010000 50 0.679881 0.686190 0.681162 0.681152 -1.819370e+07 0.679628 0.679618 -1.812478e+07
0.200000 0.001000 0.100000 50 0.688988 0.691905 0.689097 0.689090 -1.892750e+07 0.687669 0.687662 -1.886390e+07
0.200000 0.001500 0.100000 50 0.688885 0.691905 0.689097 0.689090 -1.892150e+07 0.687880 0.687873 -1.885787e+07
0.200000 0.010000 0.100000 50 0.689727 0.692381 0.690684 0.690677 -1.882980e+07 0.689309 0.689302 -1.876361e+07
0.200000 0.025000 0.100000 50 0.690518 0.690000 0.693594 0.693586 -1.871460e+07 0.691954 0.691946 -1.864255e+07
0.200000 0.050000 0.100000 50 0.690926 0.690476 0.694017 0.694009 -1.860330e+07 0.693117 0.693109 -1.852758e+07
0.200000 0.100000 0.100000 50 0.691590 0.691429 0.693594 0.693585 -1.847820e+07 0.692324 0.692315 -1.839905e+07
0.200000 0.500000 0.100000 50 0.684421 0.685238 0.683701 0.683690 -1.820290e+07 0.682431 0.682420 -1.811522e+07
0.200000 0.001000 1.000000 50 0.691411 0.692381 0.694070 0.694062 -1.893180e+07 0.693647 0.693640 -1.882961e+07
0.200000 0.001500 1.000000 50 0.691487 0.694286 0.694228 0.694221 -1.892210e+07 0.693647 0.693640 -1.882316e+07
0.200000 0.010000 1.000000 50 0.693834 0.695714 0.696874 0.696866 -1.883180e+07 0.695498 0.695491 -1.871993e+07
0.200000 0.025000 1.000000 50 0.697355 0.697619 0.700788 0.700780 -1.872130e+07 0.699201 0.699194 -1.859785e+07
0.200000 0.050000 1.000000 50 0.700977 0.700952 0.706502 0.706492 -1.861350e+07 0.703539 0.703530 -1.847892e+07
0.200000 0.100000 1.000000 50 0.705186 0.704762 0.709464 0.709455 -1.850050e+07 0.706872 0.706863 -1.836265e+07
0.200000 0.500000 1.000000 50 0.700084 0.696667 0.701582 0.701572 -1.824940e+07 0.701688 0.701678 -1.810372e+07
