0.500000 0.001000 0.001000 50 0.921004 0.917867 0.927956 0.930469 -3.405500e+06 0.922879 0.925750 -3.376258e+06
0.500000 0.001500 0.001000 50 0.921190 0.917147 0.928036 0.930555 -3.404300e+06 0.922798 0.925673 -3.375560e+06
0.500000 0.010000 0.001000 50 0.920631 0.918588 0.928117 0.930666 -3.393800e+06 0.923523 0.926421 -3.364496e+06
0.500000 0.025000 0.001000 50 0.921190 0.919308 0.928197 0.930779 -3.378360e+06 0.923443 0.926388 -3.349487e+06
0.500000 0.050000 0.001000 50 0.920631 0.918588 0.927391 0.930052 -3.359690e+06 0.923201 0.926181 -3.330627e+06
0.500000 0.100000 0.001000 50 0.921004 0.919308 0.926827 0.929530 -3.334330e+06 0.922717 0.925677 -3.304372e+06
0.500000 0.500000 0.001000 50 0.920941 0.920029 0.926021 0.928450 -3.259460e+06 0.922314 0.925060 -3.228385e+06
0.500000 0.001000 0.010000 50 0.923985 0.914986 0.929728 0.932692 -3.398870e+06 0.926827 0.929975 -3.371026e+06
0.500000 0.001500 0.010000 50 0.923860 0.917147 0.929809 0.932760 -3.397780e+06 0.926908 0.930050 -3.370309e+06
0.500000 0.010000 0.010000 50 0.923550 0.916427 0.929325 0.932313 -3.386890e+06 0.926263 0.929462 -3.359321e+06
0.500000 0.025000 0.010000 50 0.922743 0.916427 0.929487 0.932472 -3.371430e+06 0.925296 0.928509 -3.343712e+06
0.500000 0.050000 0.010000 50 0.921997 0.916427 0.929003 0.931964 -3.352200e+06 0.925699 0.928922 -3.323642e+06
0.500000 0.100000 0.010000 50 0.921873 0.915706 0.927633 0.930559 -3.327290e+06 0.924490 0.927801 -3.298233e+06
0.500000 0.500000 0.010000 50 0.923177 0.909222 0.927311 0.929838 -3.254560e+06 0.924087 0.926856 -3.223589e+06
0.500000 0.001000 0.100000 50 0.931561 0.932277 0.936901 0.939502 -3.403620e+06 0.933758 0.936536 -3.369888e+06
0.500000 0.001500 0.100000 50 0.931623 0.932277 0.936820 0.939425 -3.402900e+06 0.933838 0.936647 -3.369152e+06
0.500000 0.010000 0.100000 50 0.932244 0.932277 0.936820 0.939453 -3.390360e+06 0.933677 0.936590 -3.356497e+06
0.500000 0.025000 0.100000 50 0.931623 0.932277 0.936659 0.939356 -3.372950e+06 0.934080 0.936972 -3.339832e+06
0.500000 0.050000 0.100000 50 0.931686 0.927954 0.936578 0.939303 -3.353390e+06 0.932871 0.935850 -3.318340e+06
0.500000 0.100000 0.100000 50 0.928953 0.925793 0.934886 0.937147 -3.327730e+06 0.931582 0.933705 -3.291246e+06
0.500000 0.500000 0.100000 50 0.928332 0.917867 0.930293 0.932138 -3.257400e+06 0.929245 0.931241 -3.218256e+06
0.500000 0.001000 1.000000 50 0.942430 0.930115 0.941978 0.943993 -3.403530e+06 0.941252 0.943788 -3.344472e+06
0.500000 0.001500 1.000000 50 0.942492 0.930836 0.942058 0.944071 -3.403270e+06 0.941333 0.943863 -3.344014e+06
0.500000 0.010000 1.000000 50 0.941933 0.932277 0.942219 0.944210 -3.397570e+06 0.941172 0.943737 -3.333504e+06
0.500000 0.025000 1.000000 50 0.941498 0.932277 0.941252 0.943174 -3.388630e+06 0.941011 0.943606 -3.318810e+06
0.500000 0.050000 1.000000 50 0.940318 0.927233 0.940849 0.942889 -3.378090e+06 0.941333 0.944012 -3.304834e+06
0.500000 0.100000 1.000000 50 0.939511 0.925793 0.940930 0.942922 -3.362830e+06 0.940205 0.943019 -3.286316e+06
0.500000 0.500000 1.000000 50 0.936281 0.909222 0.932630 0.934630 -3.316230e+06 0.935450 0.938440 -3.242713e+06
