0.300000 0.001000 0.001000 50 0.686802 0.694286 0.690420 0.690413 -1.893870e+07 0.687510 0.687503 -1.888890e+07
0.300000 0.001500 0.001000 50 0.686773 0.694286 0.690737 0.690730 -1.893290e+07 0.687669 0.687662 -1.888305e+07
0.300000 0.010000 0.001000 50 0.687094 0.691429 0.691425 0.691418 -1.884420e+07 0.688727 0.688720 -1.879155e+07
0.300000 0.025000 0.001000 50 0.688376 0.692857 0.692588 0.692582 -1.873870e+07 0.689414 0.689408 -1.868491e+07
0.300000 0.050000 0.001000 50 0.689164 0.693810 0.693065 0.693058 -1.862920e+07 0.690896 0.690889 -1.857362e+07
0.300000 0.100000 0.001000 50 0.689718 0.697619 0.694387 0.694380 -1.850270e+07 0.691319 0.691311 -1.844532e+07
0.300000 0.500000 0.001000 50 0.681613 0.682857 0.686082 0.686073 -1.822090e+07 0.684018 0.684009 -1.815971e+07
0.300000 0.001000 0.010000 50 0.688318 0.690000 0.690314 0.690307 -1.892960e+07 0.688198 0.688191 -1.887736e+07
0.300000 0.001500 0.010000 50 0.688318 0.690476 0.690208 0.690201 -1.892390e+07 0.688251 0.688244 -1.887167e+07
0.300000 0.010000 0.010000 50 0.688755 0.691429 0.690949 0.690942 -1.883720e+07 0.689097 0.689091 -1.877865e+07
0.300000 0.025000 0.010000 50 0.689339 0.694762 0.691636 0.691630 -1.873000e+07 0.689838 0.689831 -1.866917e+07
0.300000 0.050000 0.010000 50 0.689513 0.694286 0.693065 0.693058 -1.861830e+07 0.691213 0.691206 -1.855533e+07
0.300000 0.100000 0.010000 50 0.689747 0.695238 0.694440 0.694433 -1.848940e+07 0.692536 0.692528 -1.842439e+07
0.300000 0.500000 0.010000 50 0.687123 0.692381 0.689573 0.689565 -1.820040e+07 0.688251 0.688242 -1.813491e+07
0.300000 0.001000 0.100000 50 0.691263 0.694286 0.694705 0.694698 -1.894070e+07 0.692641 0.692635 -1.887650e+07
0.300000 0.001500 0.100000 50 0.691350 0.694286 0.694546 0.694539 -1.893510e+07 0.692694 0.692688 -1.887083e+07
0.300000 0.010000 0.100000 50 0.691904 0.693810 0.695921 0.695915 -1.884850e+07 0.694123 0.694116 -1.878209e+07
0.300000 0.025000 0.100000 50 0.693595 0.697619 0.696821 0.696813 -1.873780e+07 0.695234 0.695226 -1.866575e+07
0.300000 0.050000 0.100000 50 0.695053 0.698571 0.697508 0.697500 -1.862900e+07 0.696450 0.696442 -1.855292e+07
0.300000 0.100000 0.100000 50 0.693916 0.698571 0.697191 0.697183 -1.850430e+07 0.696133 0.696125 -1.842491e+07
0.300000 0.500000 0.100000 50 0.686219 0.690000 0.688356 0.688348 -1.822980e+07 0.686452 0.686443 -1.814603e+07
0.300000 0.001000 1.000000 50 0.690796 0.697143 0.692800 0.692795 -1.893390e+07 0.688991 0.688986 -1.882896e+07
0.300000 0.001500 1.000000 50 0.690854 0.696667 0.693065 0.693059 -1.892740e+07 0.689044 0.689039 -1.882229e+07
0.300000 0.010000 1.000000 50 0.690738 0.697619 0.695128 0.695122 -1.883500e+07 0.690261 0.690256 -1.872424e+07
0.300000 0.025000 1.000000 50 0.693362 0.698571 0.695868 0.695862 -1.874180e+07 0.691901 0.691895 -1.861934e+07
0.300000 0.050000 1.000000 50 0.696510 0.696667 0.699042 0.699036 -1.864750e+07 0.695868 0.695862 -1.851887e+07
0.300000 0.100000 1.000000 50 0.696306 0.697619 0.700471 0.700465 -1.854250e+07 0.697614 0.697608 -1.841027e+07
0.300000 0.500000 1.000000 50 0.696365 0.695238 0.702164 0.702157 -1.830360e+07 0.699783 0.699776 -1.816300e+07
