0.200000 0.001000 0.001000 50 0.651511 0.691892 0.658898 0.652506 -3.730710e+06 0.651590 0.645376 -3.700072e+06
0.200000 0.001500 0.001000 50 0.652941 0.688288 0.660083 0.653711 -3.728840e+06 0.653960 0.647687 -3.698080e+06
0.200000 0.010000 0.001000 50 0.662759 0.697297 0.670946 0.663951 -3.712010e+06 0.671341 0.663658 -3.680600e+06
0.200000 0.025000 0.001000 50 0.664188 0.690090 0.669563 0.661865 -3.699280e+06 0.668773 0.660528 -3.667308e+06
0.200000 0.050000 0.001000 50 0.663807 0.682883 0.669168 0.660704 -3.687280e+06 0.666206 0.657334 -3.655111e+06
0.200000 0.100000 0.001000 50 0.665713 0.682883 0.668576 0.659268 -3.673220e+06 0.668971 0.659454 -3.640758e+06
0.200000 0.500000 0.001000 50 0.649128 0.661261 0.650800 0.640513 -3.634720e+06 0.655343 0.644659 -3.601103e+06
0.200000 0.001000 0.010000 50 0.645410 0.666667 0.666601 0.659793 -3.731740e+06 0.664626 0.655768 -3.697871e+06
0.200000 0.001500 0.010000 50 0.645506 0.664865 0.666798 0.659992 -3.730040e+06 0.665416 0.656502 -3.696155e+06
0.200000 0.010000 0.010000 50 0.654370 0.661261 0.674304 0.666434 -3.714650e+06 0.671341 0.661899 -3.680005e+06
0.200000 0.025000 0.010000 50 0.654084 0.666667 0.676476 0.667872 -3.701690e+06 0.676476 0.666620 -3.666629e+06
0.200000 0.050000 0.010000 50 0.656563 0.664865 0.678649 0.669984 -3.689220e+06 0.676081 0.665847 -3.653701e+06
0.200000 0.100000 0.010000 50 0.656944 0.677477 0.677266 0.667893 -3.674600e+06 0.677464 0.666803 -3.638754e+06
0.200000 0.500000 0.010000 50 0.649318 0.664865 0.669366 0.658463 -3.636070e+06 0.668971 0.657477 -3.598611e+06
0.200000 0.001000 0.100000 50 0.675531 0.699099 0.683389 0.673954 -3.729790e+06 0.681612 0.671292 -3.687581e+06
0.200000 0.001500 0.100000 50 0.674959 0.699099 0.685562 0.676088 -3.727800e+06 0.683389 0.673089 -3.684189e+06
0.200000 0.010000 0.100000 50 0.672195 0.708108 0.689512 0.680105 -3.711810e+06 0.685957 0.675924 -3.666879e+06
0.200000 0.025000 0.100000 50 0.671814 0.700901 0.687537 0.678115 -3.699110e+06 0.685759 0.675346 -3.654646e+06
0.200000 0.050000 0.100000 50 0.668192 0.695495 0.688525 0.679056 -3.688160e+06 0.686352 0.676156 -3.642459e+06
0.200000 0.100000 0.100000 50 0.670575 0.681081 0.687340 0.677949 -3.674420e+06 0.687735 0.677279 -3.628402e+06
0.200000 0.500000 0.100000 50 0.662377 0.675676 0.670156 0.659984 -3.639020e+06 0.673514 0.662176 -3.591550e+06
0.200000 0.001000 1.000000 50 0.605567 0.621622 0.617816 0.611439 -3.738340e+06 0.611495 0.602857 -3.672911e+06
0.200000 0.001500 1.000000 50 0.606711 0.625225 0.619396 0.612961 -3.737010e+06 0.611693 0.603016 -3.670095e+06
0.200000 0.010000 1.000000 50 0.611953 0.628829 0.623346 0.615360 -3.725130e+06 0.617025 0.606421 -3.658563e+06
0.200000 0.025000 1.000000 50 0.616147 0.639640 0.629074 0.620450 -3.716000e+06 0.626111 0.614292 -3.650261e+06
0.200000 0.050000 1.000000 50 0.622915 0.641441 0.631444 0.622201 -3.708420e+06 0.634406 0.621502 -3.643689e+06
0.200000 0.100000 1.000000 50 0.633114 0.643243 0.640332 0.629494 -3.699010e+06 0.647640 0.633381 -3.631816e+06
0.200000 0.500000 1.000000 50 0.649509 0.623423 0.638159 0.627462 -3.674880e+06 0.661071 0.645738 -3.607650e+06
