0.900000 0.001000 0.001000 50 0.920571 0.925072 0.931340 0.933298 -3.408120e+06 0.925941 0.928114 -3.379195e+06
0.900000 0.001500 0.001000 50 0.920571 0.925072 0.931421 0.933375 -3.407410e+06 0.925780 0.927961 -3.378497e+06
0.900000 0.010000 0.001000 50 0.921191 0.925072 0.931743 0.933678 -3.396240e+06 0.925619 0.927851 -3.367874e+06
0.900000 0.025000 0.001000 50 0.921502 0.925072 0.931824 0.933781 -3.380470e+06 0.926505 0.928796 -3.352292e+06
0.900000 0.050000 0.001000 50 0.919640 0.922911 0.932146 0.934146 -3.361790e+06 0.926827 0.929181 -3.333591e+06
0.900000 0.100000 0.001000 50 0.920261 0.922190 0.931582 0.933675 -3.336920e+06 0.927069 0.929518 -3.308465e+06
0.900000 0.500000 0.001000 50 0.915917 0.912824 0.928842 0.930838 -3.262120e+06 0.923846 0.926019 -3.232074e+06
0.900000 0.001000 0.010000 50 0.931741 0.937320 0.940124 0.942337 -3.399420e+06 0.933838 0.936470 -3.371919e+06
0.900000 0.001500 0.010000 50 0.931741 0.937320 0.939963 0.942176 -3.398680e+06 0.934402 0.937014 -3.370369e+06
0.900000 0.010000 0.010000 50 0.932361 0.938040 0.940124 0.942354 -3.387330e+06 0.934322 0.936957 -3.358982e+06
0.900000 0.025000 0.010000 50 0.933602 0.939481 0.940124 0.942328 -3.370890e+06 0.933919 0.936630 -3.342832e+06
0.900000 0.050000 0.010000 50 0.933913 0.938761 0.940205 0.942367 -3.351310e+06 0.934322 0.936966 -3.322117e+06
0.900000 0.100000 0.010000 50 0.935154 0.937320 0.938835 0.941050 -3.325370e+06 0.933838 0.936505 -3.295806e+06
0.900000 0.500000 0.010000 50 0.929569 0.932277 0.934161 0.936057 -3.252070e+06 0.933355 0.935485 -3.220683e+06
0.900000 0.001000 0.100000 50 0.932361 0.942363 0.942864 0.944735 -3.405720e+06 0.940044 0.942167 -3.371656e+06
0.900000 0.001500 0.100000 50 0.932361 0.943084 0.942864 0.944735 -3.404970e+06 0.940044 0.942167 -3.370890e+06
0.900000 0.010000 0.100000 50 0.931430 0.940922 0.943025 0.944932 -3.392320e+06 0.940205 0.942428 -3.357927e+06
0.900000 0.025000 0.100000 50 0.932361 0.942363 0.943025 0.944962 -3.375010e+06 0.940446 0.942671 -3.341050e+06
0.900000 0.050000 0.100000 50 0.933292 0.940202 0.943670 0.945619 -3.355280e+06 0.940608 0.942843 -3.319485e+06
0.900000 0.100000 0.100000 50 0.932051 0.938761 0.942703 0.944734 -3.330030e+06 0.939882 0.942170 -3.293127e+06
0.900000 0.500000 0.100000 50 0.933913 0.927233 0.938432 0.940474 -3.262350e+06 0.936417 0.938718 -3.222898e+06
0.900000 0.001000 1.000000 50 0.950667 0.940922 0.952293 0.953607 -3.407520e+06 0.949875 0.951704 -3.345919e+06
0.900000 0.001500 1.000000 50 0.950667 0.940202 0.952373 0.953684 -3.407070e+06 0.949956 0.951784 -3.345329e+06
0.900000 0.010000 1.000000 50 0.950047 0.942363 0.951245 0.952618 -3.398530e+06 0.949311 0.951244 -3.333292e+06
0.900000 0.025000 1.000000 50 0.950977 0.942363 0.950681 0.952140 -3.387700e+06 0.948263 0.950282 -3.319419e+06
0.900000 0.050000 1.000000 50 0.949736 0.941643 0.949392 0.950946 -3.376660e+06 0.947055 0.949207 -3.305963e+06
0.900000 0.100000 1.000000 50 0.945392 0.934438 0.948666 0.950247 -3.361590e+06 0.945926 0.948145 -3.289106e+06
0.900000 0.500000 1.000000 50 0.936395 0.918588 0.936256 0.938060 -3.313770e+06 0.940285 0.942946 -3.242145e+06
