0.700000 0.001000 0.001000 50 0.693490 0.700952 0.701264 0.701256 -1.896020e+07 0.695551 0.695544 -1.890531e+07
0.700000 0.001500 0.001000 50 0.693490 0.701429 0.701211 0.701203 -1.895460e+07 0.695657 0.695649 -1.889959e+07
0.700000 0.010000 0.001000 50 0.694170 0.701429 0.702322 0.702314 -1.886910e+07 0.696450 0.696443 -1.881355e+07
0.700000 0.025000 0.001000 50 0.694511 0.700952 0.702957 0.702949 -1.876030e+07 0.696662 0.696654 -1.870566e+07
0.700000 0.050000 0.001000 50 0.693966 0.702857 0.702375 0.702366 -1.864760e+07 0.697932 0.697924 -1.858882e+07
0.700000 0.100000 0.001000 50 0.693082 0.705714 0.701423 0.701414 -1.851810e+07 0.698249 0.698241 -1.846321e+07
0.700000 0.500000 0.001000 50 0.683491 0.697619 0.692641 0.692631 -1.823080e+07 0.687774 0.687765 -1.817376e+07
0.700000 0.001000 0.010000 50 0.693966 0.701429 0.699730 0.699722 -1.895400e+07 0.692747 0.692740 -1.889686e+07
0.700000 0.001500 0.010000 50 0.694102 0.701905 0.699624 0.699616 -1.894820e+07 0.692641 0.692634 -1.889108e+07
0.700000 0.010000 0.010000 50 0.694987 0.703333 0.701582 0.701573 -1.886120e+07 0.694070 0.694062 -1.880375e+07
0.700000 0.025000 0.010000 50 0.695939 0.707143 0.701740 0.701732 -1.875330e+07 0.695868 0.695860 -1.869564e+07
0.700000 0.050000 0.010000 50 0.696075 0.705238 0.701793 0.701784 -1.864050e+07 0.697667 0.697658 -1.857658e+07
0.700000 0.100000 0.010000 50 0.696279 0.700000 0.701899 0.701889 -1.850970e+07 0.697455 0.697446 -1.844479e+07
0.700000 0.500000 0.010000 50 0.685328 0.691429 0.693223 0.693212 -1.822040e+07 0.688885 0.688875 -1.815480e+07
0.700000 0.001000 0.100000 50 0.699000 0.710476 0.704491 0.704483 -1.895690e+07 0.697508 0.697501 -1.888735e+07
0.700000 0.001500 0.100000 50 0.699340 0.710476 0.704650 0.704642 -1.895110e+07 0.697508 0.697501 -1.888154e+07
0.700000 0.010000 0.100000 50 0.699408 0.710000 0.704386 0.704377 -1.886290e+07 0.698513 0.698506 -1.879221e+07
0.700000 0.025000 0.100000 50 0.700088 0.709524 0.706713 0.706704 -1.874890e+07 0.700206 0.700199 -1.867432e+07
0.700000 0.050000 0.100000 50 0.699816 0.710000 0.707295 0.707286 -1.863370e+07 0.700153 0.700146 -1.855751e+07
0.700000 0.100000 0.100000 50 0.700088 0.709524 0.708194 0.708185 -1.850370e+07 0.701053 0.701045 -1.842510e+07
0.700000 0.500000 0.100000 50 0.690837 0.701905 0.700365 0.700354 -1.822360e+07 0.696768 0.696758 -1.813744e+07
0.700000 0.001000 1.000000 50 0.701109 0.713810 0.713855 0.713846 -1.895540e+07 0.705073 0.705065 -1.884688e+07
0.700000 0.001500 1.000000 50 0.701177 0.713810 0.714014 0.714004 -1.894900e+07 0.705179 0.705171 -1.884032e+07
0.700000 0.010000 1.000000 50 0.702469 0.715714 0.716341 0.716332 -1.884840e+07 0.707824 0.707816 -1.873506e+07
0.700000 0.025000 1.000000 50 0.705462 0.719524 0.718669 0.718659 -1.873710e+07 0.712003 0.711995 -1.860991e+07
0.700000 0.050000 1.000000 50 0.708115 0.716190 0.721050 0.721039 -1.862330e+07 0.714014 0.714004 -1.848674e+07
0.700000 0.100000 1.000000 50 0.710360 0.718095 0.721420 0.721409 -1.850290e+07 0.715707 0.715696 -1.836722e+07
0.700000 0.500000 1.000000 50 0.704102 0.711429 0.712850 0.712838 -1.824580e+07 0.709252 0.709242 -1.810399e+07
