0.100000 0.001000 0.001000 50 0.639160 0.634234 0.648035 0.635795 -3.728750e+06 0.646652 0.634020 -3.696732e+06
0.100000 0.001500 0.001000 50 0.640176 0.637838 0.647837 0.635997 -3.726910e+06 0.647047 0.634428 -3.694932e+06
0.100000 0.010000 0.001000 50 0.647717 0.654054 0.654355 0.643261 -3.711220e+06 0.652578 0.639711 0.000000e+00
0.100000 0.025000 0.001000 50 0.648903 0.654054 0.656923 0.644173 -3.698780e+06 0.657713 0.644887 -3.665967e+06
0.100000 0.050000 0.001000 50 0.649326 0.648649 0.659490 0.647090 -3.686740e+06 0.662256 0.648855 -3.654404e+06
0.100000 0.100000 0.001000 50 0.652970 0.663063 0.664626 0.651951 -3.672370e+06 0.662256 0.648900 -3.639967e+06
0.100000 0.500000 0.001000 50 0.641023 0.648649 0.642109 0.628829 -3.632850e+06 0.649022 0.635017 -3.598912e+06
0.100000 0.001000 0.010000 50 0.671778 0.690090 0.682007 0.671347 -3.727260e+06 0.681809 0.671145 -3.692192e+06
0.100000 0.001500 0.010000 50 0.668559 0.690090 0.677859 0.667705 -3.725060e+06 0.679637 0.668962 -3.690138e+06
0.100000 0.010000 0.010000 50 0.675252 0.690090 0.685364 0.673543 -3.708030e+06 0.685167 0.673753 -3.672878e+06
0.100000 0.025000 0.010000 50 0.677963 0.693694 0.686154 0.673338 -3.694280e+06 0.686747 0.674105 -3.658662e+06
0.100000 0.050000 0.010000 50 0.679573 0.697297 0.686747 0.674610 -3.681410e+06 0.688525 0.676145 -3.645706e+06
0.100000 0.100000 0.010000 50 0.678217 0.695495 0.684179 0.672133 -3.666820e+06 0.688920 0.676369 -3.630829e+06
0.100000 0.500000 0.010000 50 0.653647 0.679279 0.666798 0.654384 -3.628860e+06 0.670946 0.657829 -3.591816e+06
0.100000 0.001000 0.100000 50 0.671185 0.670270 0.675686 0.665918 -3.728160e+06 0.675884 0.665637 -3.685505e+06
0.100000 0.001500 0.100000 50 0.673473 0.672072 0.676081 0.666339 -3.726150e+06 0.675094 0.664790 -3.683743e+06
0.100000 0.010000 0.100000 50 0.677963 0.681081 0.684179 0.674787 -3.710120e+06 0.680427 0.670692 -3.665918e+06
0.100000 0.025000 0.100000 50 0.678641 0.675676 0.685957 0.676461 -3.697410e+06 0.684772 0.673816 -3.653744e+06
0.100000 0.050000 0.100000 50 0.675167 0.675676 0.686944 0.676841 -3.686260e+06 0.688327 0.677502 -3.641154e+06
0.100000 0.100000 0.100000 50 0.675760 0.673874 0.688130 0.677795 -3.672650e+06 0.689710 0.678459 -3.626973e+06
0.100000 0.500000 0.100000 50 0.667457 0.664865 0.673514 0.661431 -3.638000e+06 0.678254 0.665720 -3.590427e+06
0.100000 0.001000 1.000000 50 0.623231 0.632432 0.628284 0.617262 -3.735430e+06 0.632629 0.619214 -3.663592e+06
0.100000 0.001500 1.000000 50 0.623486 0.630631 0.628284 0.616998 -3.734340e+06 0.631444 0.617731 -3.662647e+06
0.100000 0.010000 1.000000 50 0.626027 0.630631 0.632036 0.619895 -3.723350e+06 0.639739 0.625607 -3.650048e+06
0.100000 0.025000 1.000000 50 0.630179 0.646847 0.634999 0.622969 -3.714440e+06 0.643492 0.628622 -3.641937e+06
0.100000 0.050000 1.000000 50 0.631704 0.643243 0.638357 0.626337 -3.708000e+06 0.640529 0.625687 -3.636124e+06
0.100000 0.100000 1.000000 50 0.630009 0.646847 0.640332 0.628207 -3.700500e+06 0.643887 0.628568 -3.629982e+06
0.100000 0.500000 1.000000 50 0.627468 0.616216 0.617618 0.605774 -3.675030e+06 0.644677 0.628556 -3.605975e+06
