0.200000 0.001000 0.001000 50 0.911727 0.904899 0.915948 0.918808 -3.404580e+06 0.913853 0.916740 -3.376462e+06
0.200000 0.001500 0.001000 50 0.911688 0.904899 0.915787 0.918656 -3.403900e+06 0.913692 0.916587 -3.375778e+06
0.200000 0.010000 0.001000 50 0.911999 0.904899 0.915706 0.918673 -3.392970e+06 0.914175 0.917173 -3.365377e+06
0.200000 0.025000 0.001000 50 0.911960 0.907781 0.916109 0.919109 -3.378080e+06 0.914659 0.917762 -3.350012e+06
0.200000 0.050000 0.001000 50 0.911960 0.909222 0.916190 0.919207 -3.359350e+06 0.914256 0.917389 -3.331629e+06
0.200000 0.100000 0.001000 50 0.912542 0.909942 0.915787 0.918771 -3.335030e+06 0.914900 0.918080 -3.306363e+06
0.200000 0.500000 0.001000 50 0.912853 0.899135 0.913369 0.916390 -3.261240e+06 0.912563 0.915593 -3.231663e+06
0.200000 0.001000 0.010000 50 0.920616 0.917867 0.923281 0.926617 -3.396480e+06 0.922879 0.926297 -3.369393e+06
0.200000 0.001500 0.010000 50 0.920655 0.918588 0.923281 0.926617 -3.395760e+06 0.922717 0.926171 -3.367802e+06
0.200000 0.010000 0.010000 50 0.920616 0.918588 0.923765 0.927125 -3.384290e+06 0.922637 0.926108 -3.356577e+06
0.200000 0.025000 0.010000 50 0.920345 0.918588 0.922959 0.926406 -3.368660e+06 0.922637 0.926128 -3.340658e+06
0.200000 0.050000 0.010000 50 0.920112 0.918588 0.922798 0.926260 -3.349100e+06 0.922234 0.925792 -3.320253e+06
0.200000 0.100000 0.010000 50 0.920384 0.916427 0.922717 0.926228 -3.323830e+06 0.921670 0.925236 -3.294391e+06
0.200000 0.500000 0.010000 50 0.919258 0.913545 0.919736 0.922414 -3.252000e+06 0.919977 0.922801 -3.220517e+06
0.200000 0.001000 0.100000 50 0.927875 0.919308 0.929406 0.932128 -3.403070e+06 0.927956 0.930791 -3.369349e+06
0.200000 0.001500 0.100000 50 0.927914 0.919308 0.929487 0.932204 -3.402340e+06 0.928117 0.930941 -3.368596e+06
0.200000 0.010000 0.100000 50 0.928613 0.920029 0.929809 0.932550 -3.389870e+06 0.928520 0.931429 -3.355710e+06
0.200000 0.025000 0.100000 50 0.928729 0.922911 0.929406 0.932175 -3.372820e+06 0.928761 0.931767 -3.339023e+06
0.200000 0.050000 0.100000 50 0.929312 0.924352 0.929809 0.932661 -3.353540e+06 0.928761 0.931806 -3.317745e+06
0.200000 0.100000 0.100000 50 0.928264 0.919308 0.929890 0.932824 -3.328940e+06 0.928520 0.931566 -3.291867e+06
0.200000 0.500000 0.100000 50 0.922713 0.914265 0.924087 0.927113 -3.262400e+06 0.926344 0.929348 -3.222810e+06
0.200000 0.001000 1.000000 50 0.936377 0.923631 0.932871 0.935469 -3.404170e+06 0.932549 0.934425 -3.344067e+06
0.200000 0.001500 1.000000 50 0.936377 0.923631 0.932791 0.935383 -3.403700e+06 0.932710 0.934589 -3.343457e+06
0.200000 0.010000 1.000000 50 0.936377 0.923631 0.932791 0.935425 -3.395230e+06 0.932388 0.934405 -3.330050e+06
0.200000 0.025000 1.000000 50 0.935756 0.922190 0.932630 0.935268 -3.384930e+06 0.932227 0.934297 -3.317896e+06
0.200000 0.050000 1.000000 50 0.935794 0.921470 0.932146 0.934911 -3.374080e+06 0.932227 0.934408 -3.305018e+06
0.200000 0.100000 1.000000 50 0.934902 0.918588 0.931824 0.934617 -3.359880e+06 0.933919 0.936995 -3.286777e+06
0.200000 0.500000 1.000000 50 0.930360 0.900576 0.919736 0.922860 -3.313990e+06 0.930293 0.933698 -3.240717e+06
