0.010000 0.001000 0.001000 50 0.597429 0.616216 0.600237 0.589469 -3.732570e+06 0.610508 0.599922 -3.700263e+06
0.010000 0.001500 0.001000 50 0.598429 0.610811 0.601422 0.590525 -3.730730e+06 0.610508 0.599714 -3.698465e+06
0.010000 0.010000 0.001000 50 0.608592 0.616216 0.608730 0.597404 -3.716200e+06 0.616433 0.605706 -3.682281e+06
0.010000 0.025000 0.001000 50 0.604204 0.612613 0.608532 0.597921 -3.702980e+06 0.615445 0.604533 -3.669134e+06
0.010000 0.050000 0.001000 50 0.603280 0.612613 0.607742 0.596577 -3.689980e+06 0.610903 0.599399 -3.656278e+06
0.010000 0.100000 0.001000 50 0.590500 0.601802 0.597472 0.586390 -3.675160e+06 0.600040 0.588432 -3.641496e+06
0.010000 0.500000 0.001000 50 0.536685 0.554955 0.537626 0.525179 -3.636510e+06 0.541181 0.528573 -3.601876e+06
0.010000 0.001000 0.010000 50 0.555778 0.580180 0.565278 0.554506 -3.734970e+06 0.573375 0.562105 -3.699273e+06
0.010000 0.001500 0.010000 50 0.556240 0.581982 0.564092 0.552947 -3.732670e+06 0.574561 0.563144 -3.697355e+06
0.010000 0.010000 0.010000 50 0.562861 0.587387 0.575548 0.564200 -3.717820e+06 0.580683 0.568829 -3.681668e+06
0.010000 0.025000 0.010000 50 0.550466 0.569369 0.562710 0.551351 -3.706270e+06 0.580091 0.568408 -3.670545e+06
0.010000 0.050000 0.010000 50 0.555855 0.572973 0.574166 0.562919 -3.694770e+06 0.587004 0.575937 -3.657917e+06
0.010000 0.100000 0.010000 50 0.559704 0.580180 0.584436 0.573628 -3.680880e+06 0.586806 0.576351 -3.643402e+06
0.010000 0.500000 0.010000 50 0.508507 0.520721 0.526368 0.517202 -3.643550e+06 0.525973 0.516586 -3.605397e+06
0.010000 0.001000 0.100000 50 0.552237 0.574775 0.564092 0.553731 -3.739450e+06 0.574561 0.564006 -3.696566e+06
0.010000 0.001500 0.100000 50 0.553545 0.578378 0.563302 0.553003 -3.737530e+06 0.574166 0.563355 -3.694571e+06
0.010000 0.010000 0.100000 50 0.558934 0.598198 0.571993 0.560777 -3.720610e+06 0.573968 0.562884 -3.677871e+06
0.010000 0.025000 0.100000 50 0.565478 0.614414 0.576733 0.565018 -3.707230e+06 0.580091 0.568470 -3.663821e+06
0.010000 0.050000 0.100000 50 0.569405 0.618018 0.583646 0.571782 -3.695130e+06 0.591349 0.579630 -3.649553e+06
0.010000 0.100000 0.100000 50 0.562245 0.607207 0.580486 0.568509 -3.682450e+06 0.590954 0.579246 -3.635819e+06
0.010000 0.500000 0.100000 50 0.523212 0.545946 0.543749 0.534195 -3.648770e+06 0.548884 0.538818 -3.601101e+06
0.010000 0.001000 1.000000 50 0.582801 0.601802 0.597472 0.589685 -3.737200e+06 0.612680 0.605651 -3.666138e+06
0.010000 0.001500 1.000000 50 0.583340 0.607207 0.599249 0.591310 -3.736350e+06 0.613470 0.606433 -3.665640e+06
0.010000 0.010000 1.000000 50 0.596351 0.614414 0.616235 0.608192 -3.730190e+06 0.622358 0.615198 -3.655828e+06
0.010000 0.025000 1.000000 50 0.600277 0.614414 0.618211 0.610459 -3.720710e+06 0.625321 0.618664 -3.642545e+06
0.010000 0.050000 1.000000 50 0.608207 0.607207 0.626111 0.617949 -3.713040e+06 0.627691 0.620893 -3.632455e+06
0.010000 0.100000 1.000000 50 0.616984 0.609009 0.628679 0.618982 -3.703630e+06 0.631444 0.623629 -3.623395e+06
0.010000 0.500000 1.000000 50 0.610132 0.594595 0.597472 0.587368 -3.681270e+06 0.617025 0.607591 -3.600949e+06
