0.100000 0.001000 0.001000 50 0.907359 0.900576 0.912886 0.916077 -3.404270e+06 0.911274 0.914385 -3.376227e+06
0.100000 0.001500 0.001000 50 0.907428 0.900576 0.912886 0.916075 -3.403590e+06 0.911355 0.914463 -3.375541e+06
0.100000 0.010000 0.001000 50 0.907636 0.901297 0.912966 0.916163 -3.392610e+06 0.911838 0.915029 -3.365081e+06
0.100000 0.025000 0.001000 50 0.907774 0.903458 0.913128 0.916374 -3.377710e+06 0.912402 0.915646 -3.349703e+06
0.100000 0.050000 0.001000 50 0.907843 0.906340 0.912966 0.916242 -3.359060e+06 0.912886 0.916182 -3.331375e+06
0.100000 0.100000 0.001000 50 0.907705 0.904179 0.913047 0.916282 -3.334800e+06 0.912644 0.916009 -3.306160e+06
0.100000 0.500000 0.001000 50 0.907843 0.898415 0.909259 0.912502 -3.261180e+06 0.909340 0.912561 -3.231584e+06
0.100000 0.001000 0.010000 50 0.916779 0.914986 0.920139 0.923763 -3.396170e+06 0.919655 0.923257 -3.368239e+06
0.100000 0.001500 0.010000 50 0.916779 0.914265 0.920139 0.923771 -3.395080e+06 0.919736 0.923343 -3.367520e+06
0.100000 0.010000 0.010000 50 0.916779 0.914986 0.919977 0.923639 -3.383990e+06 0.919333 0.922984 -3.356312e+06
0.100000 0.025000 0.010000 50 0.916123 0.914986 0.919333 0.923042 -3.368060e+06 0.919333 0.923070 -3.340503e+06
0.100000 0.050000 0.010000 50 0.913190 0.909942 0.915706 0.918485 -3.348890e+06 0.915868 0.918670 -3.320010e+06
0.100000 0.100000 0.010000 50 0.912914 0.909942 0.914659 0.917429 -3.323660e+06 0.914900 0.917674 -3.294182e+06
0.100000 0.500000 0.010000 50 0.912328 0.906340 0.913047 0.915717 -3.251930e+06 0.915868 0.918584 -3.220531e+06
0.100000 0.001000 0.100000 50 0.921747 0.912824 0.925457 0.928446 -3.402640e+06 0.924893 0.927965 -3.369004e+06
0.100000 0.001500 0.100000 50 0.921747 0.912824 0.925699 0.928669 -3.401930e+06 0.925135 0.928212 -3.368258e+06
0.100000 0.010000 0.100000 50 0.921989 0.912104 0.925538 0.928618 -3.389450e+06 0.924974 0.928171 -3.355421e+06
0.100000 0.025000 0.100000 50 0.922851 0.914265 0.926263 0.929370 -3.372510e+06 0.925780 0.928967 -3.338796e+06
0.100000 0.050000 0.100000 50 0.923334 0.914265 0.926102 0.929244 -3.353330e+06 0.925941 0.929159 -3.317519e+06
0.100000 0.100000 0.100000 50 0.922713 0.912824 0.924732 0.928016 -3.328790e+06 0.926183 0.929423 -3.291757e+06
0.100000 0.500000 0.100000 50 0.919436 0.906340 0.919333 0.922643 -3.262370e+06 0.920864 0.924201 -3.221649e+06
0.100000 0.001000 1.000000 50 0.929924 0.915706 0.926988 0.928816 -3.404070e+06 0.931743 0.933676 -3.343467e+06
0.100000 0.001500 1.000000 50 0.929890 0.915706 0.927069 0.928892 -3.403560e+06 0.931743 0.933676 -3.342835e+06
0.100000 0.010000 1.000000 50 0.930338 0.916427 0.927069 0.928957 -3.395010e+06 0.931018 0.933012 -3.329335e+06
0.100000 0.025000 1.000000 50 0.930269 0.916427 0.927150 0.929002 -3.385250e+06 0.930373 0.932410 -3.317528e+06
0.100000 0.050000 1.000000 50 0.930753 0.916427 0.927069 0.928973 -3.375280e+06 0.930454 0.932523 -3.304487e+06
0.100000 0.100000 1.000000 50 0.929717 0.914265 0.927633 0.929619 -3.361080e+06 0.929728 0.931897 -3.288631e+06
0.100000 0.500000 1.000000 50 0.924507 0.895533 0.913289 0.915981 -3.315860e+06 0.923926 0.926648 -3.242896e+06
