0.200000 0.001000 0.001000 50 0.915104 0.912104 0.920139 0.923271 -3.404020e+06 0.917802 0.921031 -3.375123e+06
0.200000 0.001500 0.001000 50 0.915221 0.912824 0.920139 0.923286 -3.402840e+06 0.917721 0.920956 -3.374432e+06
0.200000 0.010000 0.001000 50 0.915027 0.914265 0.919977 0.923171 -3.392470e+06 0.918043 0.921330 -3.363436e+06
0.200000 0.025000 0.001000 50 0.914910 0.914986 0.920058 0.923256 -3.377200e+06 0.917560 0.920920 -3.348546e+06
0.200000 0.050000 0.001000 50 0.915065 0.914265 0.919252 0.922456 -3.358720e+06 0.916351 0.919748 -3.329808e+06
0.200000 0.100000 0.001000 50 0.914522 0.912824 0.919252 0.922501 -3.333600e+06 0.916673 0.920110 -3.303716e+06
0.200000 0.500000 0.001000 50 0.912814 0.909942 0.916593 0.919673 -3.258970e+06 0.916190 0.919426 -3.228187e+06
0.200000 0.001000 0.010000 50 0.915337 0.905620 0.919736 0.923394 -3.397320e+06 0.918205 0.922017 -3.369888e+06
0.200000 0.001500 0.010000 50 0.915492 0.907781 0.919575 0.923249 -3.396220e+06 0.918205 0.922017 -3.369176e+06
0.200000 0.010000 0.010000 50 0.915065 0.907061 0.919091 0.922796 -3.385380e+06 0.918124 0.921901 -3.358263e+06
0.200000 0.025000 0.010000 50 0.914250 0.906340 0.918607 0.922362 -3.370110e+06 0.918043 0.921810 -3.342735e+06
0.200000 0.050000 0.010000 50 0.913784 0.906340 0.917237 0.921099 -3.351030e+06 0.916996 0.920815 -3.322795e+06
0.200000 0.100000 0.010000 50 0.912892 0.904179 0.917237 0.920997 -3.326370e+06 0.916270 0.920058 -3.297535e+06
0.200000 0.500000 0.010000 50 0.915027 0.902017 0.916996 0.920285 -3.254280e+06 0.915787 0.919073 -3.223592e+06
0.200000 0.001000 0.100000 50 0.921626 0.920749 0.927794 0.931052 -3.402240e+06 0.926424 0.929685 -3.368862e+06
0.200000 0.001500 0.100000 50 0.921665 0.920029 0.927714 0.930975 -3.401520e+06 0.926424 0.929693 -3.368129e+06
0.200000 0.010000 0.100000 50 0.921936 0.919308 0.926988 0.930299 -3.389110e+06 0.926183 0.929549 -3.355534e+06
0.200000 0.025000 0.100000 50 0.921665 0.919308 0.926988 0.930354 -3.371850e+06 0.926021 0.929462 -3.338916e+06
0.200000 0.050000 0.100000 50 0.921005 0.919308 0.925699 0.929129 -3.351730e+06 0.926021 0.929491 -3.317647e+06
0.200000 0.100000 0.100000 50 0.918404 0.912104 0.922717 0.925233 -3.326860e+06 0.923443 0.925992 -3.290588e+06
0.200000 0.500000 0.100000 50 0.918637 0.911383 0.920783 0.923225 -3.257250e+06 0.921831 0.924312 -3.218056e+06
0.200000 0.001000 1.000000 50 0.933776 0.917867 0.930212 0.933148 -3.402070e+06 0.932871 0.935997 -3.343320e+06
0.200000 0.001500 1.000000 50 0.933776 0.917867 0.930212 0.933148 -3.401780e+06 0.932871 0.936005 -3.341534e+06
0.200000 0.010000 1.000000 50 0.933698 0.917867 0.929567 0.932475 -3.395940e+06 0.932227 0.935403 -3.331238e+06
0.200000 0.025000 1.000000 50 0.933310 0.920029 0.929648 0.932531 -3.387470e+06 0.933032 0.936240 -3.319201e+06
0.200000 0.050000 1.000000 50 0.933232 0.918588 0.929648 0.932615 -3.377080e+06 0.933032 0.936280 -3.304103e+06
0.200000 0.100000 1.000000 50 0.933737 0.919308 0.931098 0.933919 -3.362520e+06 0.933758 0.936961 -3.285717e+06
0.200000 0.500000 1.000000 50 0.928885 0.904899 0.923120 0.925849 -3.316140e+06 0.929406 0.932752 -3.240850e+06
