0.050000 0.001000 0.001000 50 0.674722 0.684762 0.678622 0.678618 -1.892680e+07 0.679257 0.679253 -1.887913e+07
0.050000 0.001500 0.001000 50 0.674894 0.685238 0.678834 0.678830 -1.892100e+07 0.679310 0.679306 -1.887334e+07
0.050000 0.010000 0.001000 50 0.674808 0.684762 0.678781 0.678777 -1.883310e+07 0.679257 0.679253 -1.878258e+07
0.050000 0.025000 0.001000 50 0.676269 0.687143 0.680421 0.680417 -1.872940e+07 0.680368 0.680364 -1.867712e+07
0.050000 0.050000 0.001000 50 0.678976 0.687143 0.683066 0.683061 -1.862140e+07 0.683595 0.683590 -1.856710e+07
0.050000 0.100000 0.001000 50 0.680823 0.690476 0.686399 0.686393 -1.849780e+07 0.684600 0.684595 -1.844115e+07
0.050000 0.500000 0.001000 50 0.677515 0.687143 0.684812 0.684805 -1.822060e+07 0.683860 0.683853 -1.815937e+07
0.050000 0.001000 0.010000 50 0.675904 0.680952 0.678781 0.678776 -1.892610e+07 0.678993 0.678987 -1.887120e+07
0.050000 0.001500 0.010000 50 0.675753 0.680476 0.678570 0.678564 -1.892040e+07 0.679310 0.679305 -1.886532e+07
0.050000 0.010000 0.010000 50 0.675646 0.681905 0.679310 0.679305 -1.883360e+07 0.679839 0.679834 -1.877704e+07
0.050000 0.025000 0.010000 50 0.675689 0.683810 0.679416 0.679411 -1.872350e+07 0.680950 0.680945 -1.866740e+07
0.050000 0.050000 0.010000 50 0.675646 0.682381 0.681109 0.681104 -1.861220e+07 0.681638 0.681632 -1.855291e+07
0.050000 0.100000 0.010000 50 0.677193 0.683333 0.681056 0.681050 -1.848540e+07 0.681902 0.681896 -1.842287e+07
0.050000 0.500000 0.010000 50 0.676806 0.679048 0.679839 0.679830 -1.820480e+07 0.678728 0.678720 -1.813568e+07
0.050000 0.001000 0.100000 50 0.679491 0.688095 0.685024 0.685017 -1.892520e+07 0.686875 0.686868 -1.886231e+07
0.050000 0.001500 0.100000 50 0.679599 0.687143 0.685235 0.685228 -1.891940e+07 0.687034 0.687027 -1.885644e+07
0.050000 0.010000 0.100000 50 0.681081 0.690476 0.685817 0.685811 -1.883020e+07 0.687669 0.687662 -1.876479e+07
0.050000 0.025000 0.100000 50 0.682348 0.695238 0.688039 0.688032 -1.871830e+07 0.689520 0.689513 -1.864716e+07
0.050000 0.050000 0.100000 50 0.684583 0.692857 0.689838 0.689831 -1.860950e+07 0.691583 0.691576 -1.853327e+07
0.050000 0.100000 0.100000 50 0.685914 0.699048 0.692483 0.692475 -1.848660e+07 0.693858 0.693851 -1.840685e+07
0.050000 0.500000 0.100000 50 0.682348 0.690476 0.689150 0.689141 -1.822030e+07 0.691160 0.691151 -1.813315e+07
0.050000 0.001000 1.000000 50 0.680437 0.688095 0.683119 0.683112 -1.893030e+07 0.685394 0.685387 -1.882714e+07
0.050000 0.001500 1.000000 50 0.680630 0.688095 0.683119 0.683112 -1.892470e+07 0.685605 0.685598 -1.882129e+07
0.050000 0.010000 1.000000 50 0.685012 0.693333 0.687774 0.687766 -1.883620e+07 0.688303 0.688296 -1.872584e+07
0.050000 0.025000 1.000000 50 0.690211 0.696190 0.691689 0.691681 -1.874390e+07 0.692641 0.692633 -1.861700e+07
0.050000 0.050000 1.000000 50 0.694077 0.698095 0.698566 0.698557 -1.864770e+07 0.697138 0.697129 -1.851735e+07
0.050000 0.100000 1.000000 50 0.696720 0.697619 0.700418 0.700409 -1.854120e+07 0.698143 0.698134 -1.840272e+07
0.050000 0.500000 1.000000 50 0.682177 0.675238 0.685605 0.685596 -1.829560e+07 0.686716 0.686707 -1.815243e+07
