0.700000 0.001000 0.001000 50 0.930767 0.920029 0.933435 0.935809 -3.405650e+06 0.927714 0.930269 -3.376759e+06
0.700000 0.001500 0.001000 50 0.930870 0.920029 0.933435 0.935809 -3.404920e+06 0.927794 0.930355 -3.376035e+06
0.700000 0.010000 0.001000 50 0.930663 0.918588 0.933113 0.935460 -3.393900e+06 0.928278 0.930878 -3.364488e+06
0.700000 0.025000 0.001000 50 0.930663 0.919308 0.933758 0.936075 -3.377990e+06 0.928117 0.930734 -3.348954e+06
0.700000 0.050000 0.001000 50 0.930767 0.918588 0.933113 0.935526 -3.358970e+06 0.928358 0.931045 -3.329170e+06
0.700000 0.100000 0.001000 50 0.930353 0.915706 0.932952 0.935357 -3.332890e+06 0.928197 0.930893 -3.303258e+06
0.700000 0.500000 0.001000 50 0.932009 0.915706 0.930293 0.932540 -3.257230e+06 0.927069 0.929785 -3.226617e+06
0.700000 0.001000 0.010000 50 0.938735 0.932997 0.940285 0.942409 -3.398610e+06 0.936901 0.939442 -3.371392e+06
0.700000 0.001500 0.010000 50 0.938942 0.932277 0.940366 0.942471 -3.397520e+06 0.936739 0.939289 -3.370629e+06
0.700000 0.010000 0.010000 50 0.938942 0.930836 0.940366 0.942497 -3.385690e+06 0.937707 0.940205 -3.357959e+06
0.700000 0.025000 0.010000 50 0.938942 0.927954 0.941091 0.943199 -3.368900e+06 0.937707 0.940214 -3.341047e+06
0.700000 0.050000 0.010000 50 0.938321 0.927233 0.941172 0.943339 -3.348160e+06 0.938109 0.940607 -3.319411e+06
0.700000 0.100000 0.010000 50 0.937804 0.927233 0.941091 0.943327 -3.321900e+06 0.938432 0.940895 -3.292445e+06
0.700000 0.500000 0.010000 50 0.932733 0.925072 0.938190 0.940244 -3.248080e+06 0.936578 0.938818 -3.217114e+06
0.700000 0.001000 0.100000 50 0.937701 0.927233 0.939238 0.941555 -3.403630e+06 0.936417 0.939099 -3.371850e+06
0.700000 0.001500 0.100000 50 0.937907 0.927233 0.939318 0.941630 -3.402860e+06 0.936820 0.939490 -3.369898e+06
0.700000 0.010000 0.100000 50 0.937907 0.930836 0.939076 0.941452 -3.389810e+06 0.936337 0.939113 -3.356500e+06
0.700000 0.025000 0.100000 50 0.938735 0.928674 0.939157 0.941543 -3.372070e+06 0.935853 0.938675 -3.339253e+06
0.700000 0.050000 0.100000 50 0.938321 0.928674 0.939641 0.942100 -3.352320e+06 0.936578 0.939407 -3.317724e+06
0.700000 0.100000 0.100000 50 0.937287 0.927954 0.940930 0.943342 -3.327080e+06 0.935208 0.937226 -3.291308e+06
0.700000 0.500000 0.100000 50 0.931491 0.925793 0.935208 0.936403 -3.259280e+06 0.933194 0.934552 -3.221162e+06
0.700000 0.001000 1.000000 50 0.948670 0.935159 0.945362 0.947113 -3.406800e+06 0.946249 0.948341 -3.344079e+06
0.700000 0.001500 1.000000 50 0.948463 0.935159 0.945523 0.947267 -3.406450e+06 0.946088 0.948180 -3.343589e+06
0.700000 0.010000 1.000000 50 0.948463 0.935159 0.946088 0.947792 -3.399960e+06 0.945926 0.948024 -3.332260e+06
0.700000 0.025000 1.000000 50 0.948670 0.935879 0.945201 0.946944 -3.388760e+06 0.945685 0.947870 -3.315279e+06
0.700000 0.050000 1.000000 50 0.947946 0.935879 0.943992 0.945738 -3.374600e+06 0.945282 0.947508 -3.298875e+06
0.700000 0.100000 1.000000 50 0.945980 0.932997 0.943348 0.945260 -3.357820e+06 0.943589 0.945975 -3.280458e+06
0.700000 0.500000 1.000000 50 0.945152 0.916427 0.934967 0.936882 -3.308100e+06 0.941816 0.944425 -3.233376e+06
