0.700000 0.001000 0.001000 50 0.929111 0.922190 0.932549 0.934661 -3.406460e+06 0.927553 0.930129 -3.377014e+06
0.700000 0.001500 0.001000 50 0.929318 0.922190 0.933194 0.935291 -3.405270e+06 0.927633 0.930205 -3.376317e+06
0.700000 0.010000 0.001000 50 0.928904 0.922911 0.933194 0.935337 -3.394750e+06 0.928117 0.930735 -3.365240e+06
0.700000 0.025000 0.001000 50 0.928387 0.922911 0.933032 0.935228 -3.379270e+06 0.927553 0.930217 -3.350166e+06
0.700000 0.050000 0.001000 50 0.927248 0.922190 0.931824 0.934137 -3.360460e+06 0.926988 0.929681 -3.331225e+06
0.700000 0.100000 0.001000 50 0.926731 0.920749 0.931179 0.933522 -3.334890e+06 0.926988 0.929689 -3.304844e+06
0.700000 0.500000 0.001000 50 0.924765 0.921470 0.930212 0.932224 -3.259140e+06 0.926183 0.928606 -3.228490e+06
0.700000 0.001000 0.010000 50 0.930663 0.922911 0.933919 0.936478 -3.399700e+06 0.929003 0.932004 -3.371679e+06
0.700000 0.001500 0.010000 50 0.931077 0.922911 0.934322 0.936865 -3.398620e+06 0.928923 0.931928 -3.370963e+06
0.700000 0.010000 0.010000 50 0.930767 0.922190 0.933838 0.936425 -3.387690e+06 0.928520 0.931555 -3.359981e+06
0.700000 0.025000 0.010000 50 0.930456 0.922911 0.933274 0.935856 -3.372180e+06 0.928278 0.931343 -3.344337e+06
0.700000 0.050000 0.010000 50 0.930042 0.922190 0.933194 0.935878 -3.352900e+06 0.928439 0.931505 -3.324253e+06
0.700000 0.100000 0.010000 50 0.929008 0.920749 0.932307 0.934982 -3.327810e+06 0.927956 0.930968 -3.298724e+06
0.700000 0.500000 0.010000 50 0.928594 0.914265 0.929728 0.932109 -3.254680e+06 0.927391 0.929902 -3.223714e+06
0.700000 0.001000 0.100000 50 0.934803 0.933718 0.940688 0.942969 -3.404210e+06 0.937384 0.939911 -3.370563e+06
0.700000 0.001500 0.100000 50 0.934803 0.933718 0.940688 0.942969 -3.403470e+06 0.937465 0.939995 -3.369826e+06
0.700000 0.010000 0.100000 50 0.934596 0.932997 0.941172 0.943433 -3.390890e+06 0.937868 0.940439 -3.357118e+06
0.700000 0.025000 0.100000 50 0.934699 0.931556 0.940849 0.943135 -3.373400e+06 0.937787 0.940455 -3.340317e+06
0.700000 0.050000 0.100000 50 0.935320 0.932277 0.940769 0.943088 -3.353830e+06 0.938674 0.941289 -3.318747e+06
0.700000 0.100000 0.100000 50 0.933147 0.932277 0.939802 0.942143 -3.328110e+06 0.936095 0.938257 -3.291654e+06
0.700000 0.500000 0.100000 50 0.932630 0.924352 0.934644 0.936426 -3.257500e+06 0.931904 0.933835 -3.218335e+06
0.700000 0.001000 1.000000 50 0.947946 0.940922 0.947296 0.948925 -3.404760e+06 0.944798 0.947108 -3.345131e+06
0.700000 0.001500 1.000000 50 0.948049 0.940202 0.947296 0.948915 -3.404490e+06 0.944798 0.947108 -3.344687e+06
0.700000 0.010000 1.000000 50 0.947842 0.943804 0.946732 0.948280 -3.398120e+06 0.944476 0.946831 -3.334396e+06
0.700000 0.025000 1.000000 50 0.947221 0.940922 0.945120 0.946743 -3.389340e+06 0.944315 0.946737 -3.319886e+06
0.700000 0.050000 1.000000 50 0.946911 0.936599 0.944637 0.946310 -3.378870e+06 0.943831 0.946338 -3.305713e+06
0.700000 0.100000 1.000000 50 0.945566 0.931556 0.945443 0.947166 -3.363160e+06 0.944073 0.946603 -3.286954e+06
0.700000 0.500000 1.000000 50 0.942668 0.917867 0.937384 0.938873 -3.316040e+06 0.939318 0.942060 -3.242961e+06
