0.200000 0.001000 0.001000 50 0.688681 0.692857 0.688938 0.688931 -1.892990e+07 0.688251 0.688243 -1.888177e+07
0.200000 0.001500 0.001000 50 0.688860 0.692857 0.688938 0.688931 -1.892440e+07 0.688568 0.688561 -1.887618e+07
0.200000 0.010000 0.001000 50 0.689753 0.689524 0.690684 0.690677 -1.884150e+07 0.689943 0.689936 -1.879217e+07
0.200000 0.025000 0.001000 50 0.690595 0.688095 0.691425 0.691418 -1.873740e+07 0.690525 0.690518 -1.868486e+07
0.200000 0.050000 0.001000 50 0.691513 0.691905 0.692959 0.692951 -1.863000e+07 0.692218 0.692211 -1.857497e+07
0.200000 0.100000 0.001000 50 0.692406 0.690952 0.692959 0.692951 -1.850550e+07 0.691107 0.691099 -1.844891e+07
0.200000 0.500000 0.001000 50 0.685442 0.672857 0.685024 0.685015 -1.822240e+07 0.685658 0.685650 -1.816226e+07
0.200000 0.001000 0.010000 50 0.684370 0.692857 0.687827 0.687822 -1.893240e+07 0.686663 0.686658 -1.887642e+07
0.200000 0.001500 0.010000 50 0.684370 0.693333 0.687880 0.687875 -1.892650e+07 0.686769 0.686764 -1.887046e+07
0.200000 0.010000 0.010000 50 0.685595 0.695238 0.688885 0.688880 -1.883830e+07 0.688198 0.688192 -1.878033e+07
0.200000 0.025000 0.010000 50 0.686309 0.694762 0.689838 0.689832 -1.872710e+07 0.688832 0.688827 -1.866977e+07
0.200000 0.050000 0.010000 50 0.687049 0.692857 0.691213 0.691207 -1.861630e+07 0.689996 0.689990 -1.855649e+07
0.200000 0.100000 0.010000 50 0.687380 0.691429 0.691742 0.691736 -1.849040e+07 0.690367 0.690361 -1.842802e+07
0.200000 0.500000 0.010000 50 0.681896 0.678571 0.682960 0.682953 -1.821270e+07 0.682484 0.682477 -1.814395e+07
0.200000 0.001000 0.100000 50 0.690773 0.688095 0.690314 0.690306 -1.893070e+07 0.689996 0.689988 -1.886698e+07
0.200000 0.001500 0.100000 50 0.690875 0.688571 0.690314 0.690306 -1.892490e+07 0.690208 0.690199 -1.886111e+07
0.200000 0.010000 0.100000 50 0.692533 0.690476 0.693488 0.693479 -1.883640e+07 0.692271 0.692262 -1.877104e+07
0.200000 0.025000 0.100000 50 0.695212 0.690476 0.695921 0.695911 -1.872470e+07 0.694334 0.694324 -1.865430e+07
0.200000 0.050000 0.100000 50 0.696538 0.693333 0.696979 0.696969 -1.861550e+07 0.694969 0.694958 -1.854089e+07
0.200000 0.100000 0.100000 50 0.696921 0.694286 0.697455 0.697444 -1.849360e+07 0.696768 0.696756 -1.841481e+07
0.200000 0.500000 0.100000 50 0.691360 0.685238 0.692588 0.692576 -1.822930e+07 0.692588 0.692576 -1.814079e+07
0.200000 0.001000 1.000000 50 0.691845 0.697143 0.692906 0.692899 -1.893050e+07 0.691319 0.691312 -1.882815e+07
0.200000 0.001500 1.000000 50 0.691972 0.696667 0.692747 0.692740 -1.892470e+07 0.691319 0.691312 -1.882202e+07
0.200000 0.010000 1.000000 50 0.693095 0.696190 0.694546 0.694539 -1.883690e+07 0.691636 0.691630 -1.872215e+07
0.200000 0.025000 1.000000 50 0.694982 0.695238 0.696768 0.696761 -1.873000e+07 0.695392 0.695386 -1.860416e+07
0.200000 0.050000 1.000000 50 0.696819 0.695714 0.697879 0.697871 -1.862530e+07 0.695551 0.695544 -1.849158e+07
0.200000 0.100000 1.000000 50 0.697508 0.703333 0.699571 0.699564 -1.851310e+07 0.697350 0.697342 -1.837484e+07
0.200000 0.500000 1.000000 50 0.693197 0.692857 0.693012 0.693002 -1.826850e+07 0.692218 0.692209 -1.812329e+07
