0.900000 0.001000 0.001000 50 0.932051 0.927233 0.937707 0.939528 -3.407700e+06 0.932065 0.934055 -3.378636e+06
0.900000 0.001500 0.001000 50 0.932051 0.927233 0.937707 0.939528 -3.406960e+06 0.931985 0.933980 -3.377898e+06
0.900000 0.010000 0.001000 50 0.932671 0.928674 0.937868 0.939616 -3.395340e+06 0.931743 0.933706 -3.366751e+06
0.900000 0.025000 0.001000 50 0.932671 0.928674 0.937223 0.939047 -3.379410e+06 0.932388 0.934272 -3.350642e+06
0.900000 0.050000 0.001000 50 0.932361 0.928674 0.937223 0.939056 -3.360700e+06 0.932630 0.934355 -3.331735e+06
0.900000 0.100000 0.001000 50 0.932361 0.926513 0.936337 0.937999 -3.335860e+06 0.932065 0.933810 -3.306079e+06
0.900000 0.500000 0.001000 50 0.929258 0.917867 0.932871 0.934470 -3.261340e+06 0.928520 0.930025 -3.230607e+06
0.900000 0.001000 0.010000 50 0.932361 0.931556 0.936981 0.939103 -3.401080e+06 0.932468 0.935001 -3.373393e+06
0.900000 0.001500 0.010000 50 0.932361 0.932277 0.936981 0.939103 -3.400360e+06 0.932549 0.935087 -3.372666e+06
0.900000 0.010000 0.010000 50 0.932361 0.932997 0.936659 0.938763 -3.388790e+06 0.932468 0.935023 -3.360495e+06
0.900000 0.025000 0.010000 50 0.931741 0.930836 0.936739 0.938845 -3.372540e+06 0.932468 0.935011 -3.344047e+06
0.900000 0.050000 0.010000 50 0.931741 0.929395 0.936498 0.938651 -3.352040e+06 0.932227 0.934830 -3.322811e+06
0.900000 0.100000 0.010000 50 0.931120 0.931556 0.937062 0.939277 -3.325750e+06 0.932549 0.935194 -3.296019e+06
0.900000 0.500000 0.010000 50 0.928638 0.922190 0.932791 0.935018 -3.251200e+06 0.929728 0.932262 -3.219686e+06
0.900000 0.001000 0.100000 50 0.934533 0.932997 0.942622 0.944716 -3.406060e+06 0.937062 0.939676 -3.371801e+06
0.900000 0.001500 0.100000 50 0.934223 0.932997 0.942461 0.944564 -3.405320e+06 0.937062 0.939685 -3.371060e+06
0.900000 0.010000 0.100000 50 0.935154 0.930836 0.942783 0.944922 -3.391450e+06 0.937465 0.940124 -3.357862e+06
0.900000 0.025000 0.100000 50 0.935464 0.930115 0.942703 0.944872 -3.374820e+06 0.937787 0.940499 -3.340730e+06
0.900000 0.050000 0.100000 50 0.936395 0.927954 0.943025 0.945146 -3.355200e+06 0.937545 0.940301 -3.319214e+06
0.900000 0.100000 0.100000 50 0.935774 0.928674 0.942945 0.945066 -3.330250e+06 0.938432 0.941093 -3.293041e+06
0.900000 0.500000 0.100000 50 0.933913 0.921470 0.938754 0.940671 -3.261600e+06 0.935369 0.937684 -3.221646e+06
0.900000 0.001000 1.000000 50 0.950047 0.944524 0.951487 0.952975 -3.405860e+06 0.948908 0.950854 -3.342873e+06
0.900000 0.001500 1.000000 50 0.950047 0.944524 0.951406 0.952900 -3.405500e+06 0.948747 0.950693 -3.341474e+06
0.900000 0.010000 1.000000 50 0.949426 0.945245 0.951326 0.952881 -3.399010e+06 0.948989 0.950974 -3.332785e+06
0.900000 0.025000 1.000000 50 0.950047 0.945245 0.950278 0.951807 -3.389580e+06 0.948022 0.950107 -3.320663e+06
0.900000 0.050000 1.000000 50 0.947875 0.940202 0.949714 0.951218 -3.377740e+06 0.946329 0.948568 -3.304517e+06
0.900000 0.100000 1.000000 50 0.945392 0.935879 0.948827 0.950423 -3.360640e+06 0.944637 0.946554 -3.285916e+06
0.900000 0.500000 1.000000 50 0.937946 0.918588 0.936256 0.937369 -3.311950e+06 0.936337 0.938047 -3.237146e+06
