0.010000 0.001000 0.001000 50 0.547540 0.549550 0.558562 0.546021 -3.734300e+06 0.559945 0.547665 -3.701313e+06
0.010000 0.001500 0.001000 50 0.551313 0.553153 0.561327 0.548554 -3.732590e+06 0.563895 0.551547 -3.699644e+06
0.010000 0.010000 0.001000 50 0.557703 0.565766 0.569228 0.556672 -3.716300e+06 0.571795 0.559151 -3.683251e+06
0.010000 0.025000 0.001000 50 0.565786 0.563964 0.580091 0.567047 -3.701770e+06 0.580091 0.567316 -3.668912e+06
0.010000 0.050000 0.001000 50 0.566633 0.556757 0.585819 0.572718 -3.688610e+06 0.580486 0.567622 -3.655313e+06
0.010000 0.100000 0.001000 50 0.567942 0.572973 0.579893 0.567031 -3.673540e+06 0.585424 0.572804 -3.640029e+06
0.010000 0.500000 0.001000 50 0.539533 0.517117 0.543156 0.531180 -3.634400e+06 0.538416 0.526427 -3.599771e+06
0.010000 0.001000 0.010000 50 0.592039 0.614414 0.606952 0.591624 -3.731770e+06 0.614063 0.598787 -3.695202e+06
0.010000 0.001500 0.010000 50 0.591885 0.612613 0.607940 0.592525 -3.729580e+06 0.612878 0.597442 -3.693403e+06
0.010000 0.010000 0.010000 50 0.592809 0.621622 0.607545 0.591683 -3.714290e+06 0.614853 0.599248 -3.677356e+06
0.010000 0.025000 0.010000 50 0.595966 0.612613 0.609520 0.593698 -3.700520e+06 0.614260 0.598862 -3.663420e+06
0.010000 0.050000 0.010000 50 0.594272 0.618018 0.610508 0.594499 -3.688090e+06 0.613668 0.598595 -3.650808e+06
0.010000 0.100000 0.010000 50 0.586650 0.601802 0.603595 0.587604 -3.673750e+06 0.603792 0.588439 -3.636121e+06
0.010000 0.500000 0.010000 50 0.533759 0.560360 0.539601 0.524159 -3.635230e+06 0.548884 0.533876 -3.596736e+06
0.010000 0.001000 0.100000 50 0.532451 0.522523 0.540391 0.529252 -3.740570e+06 0.544539 0.532967 -3.696747e+06
0.010000 0.001500 0.100000 50 0.533451 0.518919 0.540786 0.529449 -3.738590e+06 0.542959 0.531378 -3.694757e+06
0.010000 0.010000 0.100000 50 0.536916 0.538739 0.546711 0.535160 -3.722980e+06 0.548884 0.537276 -3.677772e+06
0.010000 0.025000 0.100000 50 0.533990 0.542342 0.545526 0.534071 -3.709940e+06 0.551649 0.540079 -3.664159e+06
0.010000 0.050000 0.100000 50 0.534606 0.551351 0.547501 0.536053 -3.696990e+06 0.550464 0.538889 -3.651933e+06
0.010000 0.100000 0.100000 50 0.538456 0.544144 0.554019 0.542224 -3.685180e+06 0.553822 0.542498 -3.637823e+06
0.010000 0.500000 0.100000 50 0.516899 0.526126 0.541576 0.529641 -3.649860e+06 0.543156 0.531108 -3.602442e+06
0.010000 0.001000 1.000000 50 0.464547 0.448649 0.470472 0.463629 -3.734910e+06 0.477187 0.470374 -3.668796e+06
0.010000 0.001500 1.000000 50 0.465856 0.452252 0.472052 0.465016 -3.734260e+06 0.478570 0.471761 -3.667958e+06
0.010000 0.010000 1.000000 50 0.467088 0.466667 0.475805 0.467042 -3.724180e+06 0.478373 0.471014 -3.658414e+06
0.010000 0.025000 1.000000 50 0.463161 0.457658 0.478570 0.470729 -3.716510e+06 0.478373 0.472767 -3.649512e+06
0.010000 0.050000 1.000000 50 0.476018 0.486486 0.492593 0.484346 -3.709780e+06 0.495556 0.490492 -3.640977e+06
0.010000 0.100000 1.000000 50 0.473709 0.470270 0.493186 0.486112 -3.701630e+06 0.502469 0.496502 -3.632157e+06
0.010000 0.500000 1.000000 50 0.509200 0.518919 0.517677 0.508440 -3.679090e+06 0.532293 0.525247 -3.609760e+06
