0.010000 0.001000 0.001000 50 0.674713 0.684286 0.676559 0.676554 -1.893480e+07 0.677829 0.677823 -1.888446e+07
0.010000 0.001500 0.001000 50 0.674301 0.684762 0.675977 0.675972 -1.892720e+07 0.678252 0.678246 -1.887883e+07
0.010000 0.010000 0.001000 50 0.675805 0.684762 0.677935 0.677929 -1.884400e+07 0.678940 0.678935 -1.879437e+07
0.010000 0.025000 0.001000 50 0.676877 0.688571 0.679786 0.679781 -1.874230e+07 0.681003 0.680998 -1.868953e+07
0.010000 0.050000 0.001000 50 0.678052 0.686667 0.681268 0.681262 -1.863580e+07 0.681955 0.681950 -1.858146e+07
0.010000 0.100000 0.001000 50 0.678650 0.688095 0.680950 0.680944 -1.851260e+07 0.681744 0.681738 -1.845644e+07
0.010000 0.500000 0.001000 50 0.668302 0.676190 0.671639 0.671632 -1.823330e+07 0.672274 0.672266 -1.817291e+07
0.010000 0.001000 0.010000 50 0.681227 0.685714 0.682802 0.682795 -1.892370e+07 0.683436 0.683429 -1.886802e+07
0.010000 0.001500 0.010000 50 0.681268 0.685714 0.683013 0.683006 -1.891820e+07 0.683384 0.683377 -1.886198e+07
0.010000 0.010000 0.010000 50 0.682278 0.688571 0.684018 0.684011 -1.883240e+07 0.684759 0.684752 -1.877860e+07
0.010000 0.025000 0.010000 50 0.684092 0.687619 0.685553 0.685546 -1.873240e+07 0.686663 0.686656 -1.867698e+07
0.010000 0.050000 0.010000 50 0.685783 0.689048 0.687034 0.687026 -1.862800e+07 0.688039 0.688031 -1.856503e+07
0.010000 0.100000 0.010000 50 0.686463 0.690000 0.687140 0.687132 -1.850700e+07 0.688515 0.688507 -1.844158e+07
0.010000 0.500000 0.010000 50 0.674095 0.664286 0.677353 0.677342 -1.823210e+07 0.678199 0.678189 -1.816532e+07
0.010000 0.001000 0.100000 50 0.678423 0.685714 0.679733 0.679727 -1.892350e+07 0.682273 0.682266 -1.885947e+07
0.010000 0.001500 0.100000 50 0.678527 0.686190 0.679945 0.679939 -1.891750e+07 0.682167 0.682160 -1.885342e+07
0.010000 0.010000 0.100000 50 0.679805 0.687619 0.681849 0.681843 -1.882590e+07 0.683436 0.683430 -1.875469e+07
0.010000 0.025000 0.100000 50 0.680856 0.686190 0.683331 0.683324 -1.871160e+07 0.685129 0.685123 -1.863965e+07
0.010000 0.050000 0.100000 50 0.682505 0.689048 0.685976 0.685969 -1.860260e+07 0.686505 0.686498 -1.852624e+07
0.010000 0.100000 0.100000 50 0.682361 0.686190 0.686029 0.686021 -1.848010e+07 0.685976 0.685968 -1.839977e+07
0.010000 0.500000 0.100000 50 0.674445 0.680476 0.676665 0.676656 -1.820620e+07 0.675660 0.675651 -1.811995e+07
0.010000 0.001000 1.000000 50 0.679928 0.685714 0.682484 0.682478 -1.892680e+07 0.683648 0.683642 -1.882253e+07
0.010000 0.001500 1.000000 50 0.680031 0.685714 0.682378 0.682372 -1.892090e+07 0.683807 0.683801 -1.881651e+07
0.010000 0.010000 1.000000 50 0.681474 0.685714 0.682907 0.682901 -1.883330e+07 0.685129 0.685123 -1.872155e+07
0.010000 0.025000 1.000000 50 0.685432 0.683810 0.687298 0.687291 -1.873150e+07 0.687616 0.687609 -1.860546e+07
0.010000 0.050000 1.000000 50 0.688071 0.685238 0.691530 0.691523 -1.862920e+07 0.692165 0.692158 -1.849217e+07
0.010000 0.100000 1.000000 50 0.689555 0.687619 0.695815 0.695807 -1.851700e+07 0.695339 0.695331 -1.836894e+07
0.010000 0.500000 1.000000 50 0.681227 0.681905 0.682167 0.682155 -1.826080e+07 0.685553 0.685541 -1.811122e+07
