0.010000 0.001000 0.001000 50 0.670240 0.672857 0.672010 0.672005 -1.893230e+07 0.673332 0.673327 -1.888330e+07
0.010000 0.001500 0.001000 50 0.670260 0.673333 0.672116 0.672111 -1.892680e+07 0.673279 0.673274 -1.887763e+07
0.010000 0.010000 0.001000 50 0.671971 0.672857 0.674179 0.674174 -1.884200e+07 0.675713 0.675708 -1.879156e+07
0.010000 0.025000 0.001000 50 0.672569 0.669524 0.675924 0.675919 -1.873690e+07 0.677300 0.677295 -1.868457e+07
0.010000 0.050000 0.001000 50 0.673559 0.670000 0.676030 0.676025 -1.862730e+07 0.677670 0.677665 -1.857272e+07
0.010000 0.100000 0.001000 50 0.672507 0.665238 0.674602 0.674596 -1.849980e+07 0.676718 0.676712 -1.844152e+07
0.010000 0.500000 0.001000 50 0.665952 0.660000 0.667883 0.667875 -1.821890e+07 0.668994 0.668986 -1.815852e+07
0.010000 0.001000 0.010000 50 0.677290 0.684286 0.680686 0.680680 -1.893240e+07 0.680897 0.680892 -1.887726e+07
0.010000 0.001500 0.010000 50 0.677393 0.684286 0.680421 0.680416 -1.892650e+07 0.680950 0.680945 -1.887119e+07
0.010000 0.010000 0.010000 50 0.678753 0.683333 0.681849 0.681844 -1.883420e+07 0.682167 0.682162 -1.877966e+07
0.010000 0.025000 0.010000 50 0.680691 0.685238 0.682643 0.682638 -1.872640e+07 0.683595 0.683590 -1.866945e+07
0.010000 0.050000 0.010000 50 0.682113 0.685238 0.681691 0.681685 -1.861540e+07 0.683119 0.683113 -1.855135e+07
0.010000 0.100000 0.010000 50 0.681804 0.685714 0.681902 0.681896 -1.848890e+07 0.682484 0.682478 -1.842234e+07
0.010000 0.500000 0.010000 50 0.670116 0.672381 0.669418 0.669410 -1.820760e+07 0.670687 0.670679 -1.814029e+07
0.010000 0.001000 0.100000 50 0.675373 0.681429 0.678146 0.678140 -1.893420e+07 0.680580 0.680573 -1.887106e+07
0.010000 0.001500 0.100000 50 0.675579 0.682381 0.678305 0.678299 -1.892880e+07 0.680633 0.680626 -1.886566e+07
0.010000 0.010000 0.100000 50 0.676568 0.683810 0.679786 0.679780 -1.884180e+07 0.682008 0.682002 -1.877579e+07
0.010000 0.025000 0.100000 50 0.677867 0.683333 0.681426 0.681420 -1.873800e+07 0.683331 0.683324 -1.866792e+07
0.010000 0.050000 0.100000 50 0.679124 0.680000 0.682378 0.682372 -1.863090e+07 0.683436 0.683430 -1.855588e+07
0.010000 0.100000 0.100000 50 0.680031 0.685238 0.681744 0.681738 -1.851080e+07 0.681744 0.681737 -1.842707e+07
0.010000 0.500000 0.100000 50 0.670487 0.677143 0.672327 0.672321 -1.824660e+07 0.673226 0.673220 -1.816157e+07
0.010000 0.001000 1.000000 50 0.679248 0.684286 0.679892 0.679885 -1.892940e+07 0.683966 0.683959 -1.882315e+07
0.010000 0.001500 1.000000 50 0.679557 0.682857 0.680421 0.680414 -1.892050e+07 0.684389 0.684382 -1.881737e+07
0.010000 0.010000 1.000000 50 0.683927 0.684286 0.686399 0.686391 -1.883580e+07 0.688832 0.688825 -1.872176e+07
0.010000 0.025000 1.000000 50 0.689266 0.686190 0.693065 0.693055 -1.873850e+07 0.693594 0.693584 -1.861052e+07
0.010000 0.050000 1.000000 50 0.691864 0.688571 0.694705 0.694693 -1.864510e+07 0.694440 0.694429 -1.850066e+07
0.010000 0.100000 1.000000 50 0.692194 0.690000 0.696133 0.696121 -1.853340e+07 0.695498 0.695486 -1.838806e+07
0.010000 0.500000 1.000000 50 0.684855 0.690952 0.684812 0.684799 -1.828610e+07 0.687933 0.687921 -1.813926e+07
