0.900000 0.001000 0.001000 50 0.703030 0.718919 0.708473 0.699879 -3.732870e+06 0.694647 0.686077 -3.701579e+06
0.900000 0.001500 0.001000 50 0.700758 0.713514 0.708078 0.699434 -3.730920e+06 0.696623 0.687970 -3.699572e+06
0.900000 0.010000 0.001000 50 0.701515 0.724324 0.713016 0.703806 -3.713960e+06 0.699388 0.690120 -3.682227e+06
0.900000 0.025000 0.001000 50 0.706061 0.720721 0.712028 0.702334 -3.700690e+06 0.700770 0.691268 -3.668769e+06
0.900000 0.050000 0.001000 50 0.710606 0.720721 0.710843 0.700594 -3.688320e+06 0.701758 0.691597 -3.656188e+06
0.900000 0.100000 0.001000 50 0.703030 0.704505 0.706893 0.696291 -3.673490e+06 0.698598 0.687747 -3.641260e+06
0.900000 0.500000 0.001000 50 0.694697 0.693694 0.694647 0.683565 -3.633980e+06 0.683587 0.671661 -3.600788e+06
0.900000 0.001000 0.010000 50 0.699242 0.706306 0.719139 0.710892 -3.728170e+06 0.703535 0.694688 -3.693846e+06
0.900000 0.001500 0.010000 50 0.701515 0.706306 0.720126 0.711931 -3.726100e+06 0.703733 0.694797 -3.691658e+06
0.900000 0.010000 0.010000 50 0.703030 0.711712 0.720521 0.711839 -3.709030e+06 0.707683 0.698446 -3.673495e+06
0.900000 0.025000 0.010000 50 0.697727 0.709910 0.720719 0.711476 -3.695690e+06 0.705906 0.695964 -3.659842e+06
0.900000 0.050000 0.010000 50 0.702273 0.708108 0.718546 0.709084 -3.682880e+06 0.705511 0.695303 -3.646817e+06
0.900000 0.100000 0.010000 50 0.699242 0.706306 0.714991 0.704926 -3.667870e+06 0.703930 0.693238 -3.631350e+06
0.900000 0.500000 0.010000 50 0.698485 0.706306 0.698005 0.687611 -3.628190e+06 0.686944 0.676013 -3.590483e+06
0.900000 0.001000 0.100000 50 0.751515 0.738739 0.757456 0.747443 -3.731830e+06 0.736915 0.726351 -3.691891e+06
0.900000 0.001500 0.100000 50 0.753030 0.738739 0.757851 0.747893 -3.730000e+06 0.737705 0.727073 -3.688956e+06
0.900000 0.010000 0.100000 50 0.748485 0.727928 0.756666 0.746596 -3.714430e+06 0.739285 0.728612 -3.672178e+06
0.900000 0.025000 0.100000 50 0.751515 0.733333 0.756073 0.745719 -3.701820e+06 0.737902 0.727417 -3.658976e+06
0.900000 0.050000 0.100000 50 0.744697 0.731532 0.753703 0.743229 -3.690000e+06 0.736322 0.725561 -3.646477e+06
0.900000 0.100000 0.100000 50 0.743939 0.735135 0.743038 0.732910 -3.677020e+06 0.727829 0.716801 -3.633074e+06
0.900000 0.500000 0.100000 50 0.720455 0.717117 0.724077 0.713144 -3.641920e+06 0.718349 0.706685 -3.596573e+06
0.900000 0.001000 1.000000 50 0.693939 0.695495 0.706696 0.699210 -3.740080e+06 0.682797 0.672672 -3.676040e+06
0.900000 0.001500 1.000000 50 0.697727 0.702703 0.707288 0.699893 -3.738840e+06 0.684574 0.674419 -3.673356e+06
0.900000 0.010000 1.000000 50 0.696970 0.702703 0.705906 0.698495 -3.726460e+06 0.684574 0.673819 -3.660619e+06
0.900000 0.025000 1.000000 50 0.693939 0.702703 0.700573 0.692472 -3.716810e+06 0.685167 0.673966 -3.652363e+06
0.900000 0.050000 1.000000 50 0.698485 0.699099 0.700573 0.691781 -3.708290e+06 0.682599 0.670502 -3.644605e+06
0.900000 0.100000 1.000000 50 0.694697 0.699099 0.704325 0.694459 -3.698870e+06 0.690895 0.677583 -3.632888e+06
0.900000 0.500000 1.000000 50 0.691667 0.668468 0.682007 0.671542 -3.672560e+06 0.683389 0.668436 -3.607635e+06
