0.200000 0.001000 0.001000 50 0.683299 0.680952 0.682802 0.682796 -1.893730e+07 0.682855 0.682849 -1.888893e+07
0.200000 0.001500 0.001000 50 0.683477 0.681429 0.683066 0.683061 -1.893160e+07 0.682960 0.682955 -1.888318e+07
0.200000 0.010000 0.001000 50 0.685314 0.682857 0.684495 0.684489 -1.884390e+07 0.684600 0.684594 -1.879252e+07
0.200000 0.025000 0.001000 50 0.685977 0.682857 0.687140 0.687133 -1.873800e+07 0.686558 0.686552 -1.868500e+07
0.200000 0.050000 0.001000 50 0.686590 0.678571 0.688938 0.688932 -1.862750e+07 0.687669 0.687662 -1.857275e+07
0.200000 0.100000 0.001000 50 0.686411 0.679524 0.688885 0.688878 -1.850030e+07 0.687880 0.687873 -1.844367e+07
0.200000 0.500000 0.001000 50 0.680008 0.670952 0.680209 0.680201 -1.821560e+07 0.679945 0.679936 -1.815522e+07
0.200000 0.001000 0.010000 50 0.684013 0.686190 0.683860 0.683853 -1.893820e+07 0.682378 0.682372 -1.888367e+07
0.200000 0.001500 0.010000 50 0.684217 0.687143 0.684124 0.684118 -1.893280e+07 0.682484 0.682478 -1.887826e+07
0.200000 0.010000 0.010000 50 0.685365 0.690000 0.685711 0.685704 -1.885170e+07 0.683542 0.683536 -1.879614e+07
0.200000 0.025000 0.010000 50 0.685340 0.688571 0.686029 0.686022 -1.874660e+07 0.685500 0.685493 -1.869159e+07
0.200000 0.050000 0.010000 50 0.685340 0.689048 0.687563 0.687556 -1.863770e+07 0.686558 0.686551 -1.857937e+07
0.200000 0.100000 0.010000 50 0.685161 0.686667 0.687669 0.687661 -1.851200e+07 0.686293 0.686286 -1.845069e+07
0.200000 0.500000 0.010000 50 0.677432 0.681429 0.678834 0.678827 -1.823350e+07 0.679099 0.679092 -1.816528e+07
0.200000 0.001000 0.100000 50 0.684702 0.689524 0.686293 0.686288 -1.893540e+07 0.684865 0.684859 -1.887164e+07
0.200000 0.001500 0.100000 50 0.684778 0.689524 0.686346 0.686341 -1.892950e+07 0.684865 0.684859 -1.886565e+07
0.200000 0.010000 0.100000 50 0.685850 0.692857 0.687722 0.687716 -1.883830e+07 0.686981 0.686975 -1.877258e+07
0.200000 0.025000 0.100000 50 0.686692 0.696667 0.690155 0.690149 -1.872440e+07 0.688303 0.688298 -1.865362e+07
0.200000 0.050000 0.100000 50 0.687636 0.696667 0.690684 0.690678 -1.861440e+07 0.689732 0.689726 -1.853927e+07
0.200000 0.100000 0.100000 50 0.688528 0.696190 0.689414 0.689408 -1.849210e+07 0.687457 0.687450 -1.841322e+07
0.200000 0.500000 0.100000 50 0.682993 0.686190 0.686399 0.686391 -1.822650e+07 0.685394 0.685385 -1.813837e+07
0.200000 0.001000 1.000000 50 0.692814 0.692381 0.693699 0.693692 -1.893070e+07 0.692112 0.692107 -1.882586e+07
0.200000 0.001500 1.000000 50 0.692763 0.692857 0.693170 0.693164 -1.892460e+07 0.692218 0.692213 -1.881925e+07
0.200000 0.010000 1.000000 50 0.695110 0.694286 0.696344 0.696337 -1.882780e+07 0.696344 0.696338 -1.871486e+07
0.200000 0.025000 1.000000 50 0.700059 0.698571 0.701529 0.701521 -1.871800e+07 0.700153 0.700146 -1.859188e+07
0.200000 0.050000 1.000000 50 0.702890 0.696667 0.704227 0.704219 -1.861750e+07 0.702851 0.702843 -1.848392e+07
0.200000 0.100000 1.000000 50 0.702865 0.700000 0.703592 0.703584 -1.850600e+07 0.703222 0.703213 -1.836556e+07
0.200000 0.500000 1.000000 50 0.696793 0.696667 0.699942 0.699932 -1.825320e+07 0.702904 0.702894 -1.811062e+07
