0.700000 0.001000 0.001000 50 0.617764 0.634214 0.618201 0.530203 -9.693570e+05 0.604295 0.515905 -9.631944e+05
0.700000 0.001500 0.001000 50 0.617565 0.634214 0.618356 0.530327 -9.692670e+05 0.604141 0.515781 -9.631074e+05
0.700000 0.010000 0.001000 50 0.616178 0.639777 0.620519 0.529089 -9.674970e+05 0.605995 0.514295 -9.614093e+05
0.700000 0.025000 0.001000 50 0.616574 0.632823 0.620828 0.529370 -9.648400e+05 0.606150 0.514331 -9.586442e+05
0.700000 0.050000 0.001000 50 0.619548 0.636996 0.620674 0.525952 -9.604220e+05 0.608467 0.519239 -9.544725e+05
0.700000 0.100000 0.001000 50 0.619746 0.628651 0.622682 0.530342 -9.522830e+05 0.609085 0.516622 -9.463198e+05
0.700000 0.500000 0.001000 50 0.614195 0.630042 0.620983 0.522367 -9.124100e+05 0.610012 0.516349 -9.062946e+05
0.700000 0.001000 0.010000 50 0.628668 0.636996 0.638906 0.545630 -9.674960e+05 0.623455 0.540757 -9.609093e+05
0.700000 0.001500 0.010000 50 0.628668 0.636996 0.638906 0.545630 -9.674050e+05 0.621601 0.538960 -9.604586e+05
0.700000 0.010000 0.010000 50 0.630650 0.632823 0.639833 0.546419 -9.656590e+05 0.621137 0.538619 -9.589029e+05
0.700000 0.025000 0.010000 50 0.630254 0.635605 0.641533 0.547960 -9.628730e+05 0.622682 0.539915 -9.558513e+05
0.700000 0.050000 0.010000 50 0.630452 0.632823 0.641224 0.547619 -9.581400e+05 0.623146 0.537188 -9.510581e+05
0.700000 0.100000 0.010000 50 0.632633 0.635605 0.642151 0.548131 -9.495370e+05 0.625309 0.536249 -9.423680e+05
0.700000 0.500000 0.010000 50 0.628866 0.639777 0.640606 0.547055 -9.100780e+05 0.625309 0.530648 -9.022695e+05
0.700000 0.001000 0.100000 50 0.647304 0.659249 0.655439 0.557668 -9.645580e+05 0.642923 0.556932 -9.552559e+05
0.700000 0.001500 0.100000 50 0.647304 0.659249 0.655593 0.557792 -9.644610e+05 0.642769 0.556808 -9.551645e+05
0.700000 0.010000 0.100000 50 0.649088 0.662031 0.656520 0.558708 -9.621390e+05 0.644314 0.558147 -9.527830e+05
0.700000 0.025000 0.100000 50 0.647502 0.659249 0.655130 0.557504 -9.589000e+05 0.645705 0.559313 -9.495675e+05
0.700000 0.050000 0.100000 50 0.645321 0.659249 0.654048 0.556497 -9.540850e+05 0.644468 0.558390 -9.444602e+05
0.700000 0.100000 0.100000 50 0.641158 0.666203 0.654821 0.557384 -9.447460e+05 0.643850 0.557848 -9.352959e+05
0.700000 0.500000 0.100000 50 0.633029 0.656467 0.647559 0.551522 -9.080570e+05 0.635970 0.545110 -8.965406e+05
0.700000 0.001000 1.000000 50 0.720460 0.732962 0.723269 0.613687 -9.592640e+05 0.694221 0.601280 -9.465649e+05
0.700000 0.001500 1.000000 50 0.720856 0.732962 0.722960 0.613439 -9.592380e+05 0.701638 0.605550 -9.461359e+05
0.700000 0.010000 1.000000 50 0.720658 0.732962 0.721415 0.611979 -9.584690e+05 0.695457 0.602378 -9.454704e+05
0.700000 0.025000 1.000000 50 0.718676 0.727399 0.721724 0.612190 -9.570160e+05 0.697002 0.606167 -9.430069e+05
0.700000 0.050000 1.000000 50 0.721253 0.732962 0.721415 0.611676 -9.537560e+05 0.651112 0.587429 -9.398586e+05
0.700000 0.100000 1.000000 50 0.720262 0.731572 0.716162 0.606686 -9.491760e+05 0.637052 0.597876 -9.318083e+05
0.700000 0.500000 1.000000 50 0.696075 0.681502 0.677689 0.581379 -9.211150e+05 0.684796 0.607265 -8.953095e+05
