0.300000 0.001000 0.001000 50 0.572886 0.588317 0.584518 0.501341 -9.641610e+05 0.569376 0.488695 -9.584251e+05
0.300000 0.001500 0.001000 50 0.572546 0.585535 0.584054 0.500985 -9.638800e+05 0.569530 0.488851 -9.583358e+05
0.300000 0.010000 0.001000 50 0.572376 0.589708 0.583591 0.500647 -9.621790e+05 0.568294 0.490913 -9.565118e+05
0.300000 0.025000 0.001000 50 0.572886 0.589708 0.585600 0.505438 -9.594860e+05 0.568603 0.494212 -9.536031e+05
0.300000 0.050000 0.001000 50 0.574076 0.585535 0.587299 0.503839 -9.549630e+05 0.572621 0.497575 -9.490777e+05
0.300000 0.100000 0.001000 50 0.576456 0.579972 0.588999 0.508434 -9.467990e+05 0.576638 0.497842 -9.411094e+05
0.300000 0.500000 0.001000 50 0.583850 0.595271 0.594716 0.512426 -9.085570e+05 0.584054 0.503481 -9.022430e+05
0.300000 0.001000 0.010000 50 0.582830 0.575800 0.589462 0.507738 -9.643710e+05 0.575093 0.498459 -9.575810e+05
0.300000 0.001500 0.010000 50 0.582830 0.575800 0.589771 0.507992 -9.642810e+05 0.575247 0.498586 -9.574924e+05
0.300000 0.010000 0.010000 50 0.582235 0.579972 0.589771 0.507945 -9.625180e+05 0.575865 0.499129 -9.556264e+05
0.300000 0.025000 0.010000 50 0.581725 0.579972 0.588690 0.507068 -9.596050e+05 0.577256 0.500264 -9.529568e+05
0.300000 0.050000 0.010000 50 0.583170 0.574409 0.591471 0.509159 -9.552060e+05 0.576638 0.499722 -9.482681e+05
0.300000 0.100000 0.010000 50 0.585890 0.592490 0.598115 0.514669 -9.470240e+05 0.581737 0.503721 -9.398391e+05
0.300000 0.500000 0.010000 50 0.589630 0.599444 0.597960 0.519929 -9.094150e+05 0.585136 0.505770 -9.012073e+05
0.300000 0.001000 0.100000 50 0.606545 0.643950 0.621601 0.558760 -9.627310e+05 0.611094 0.549604 -9.537343e+05
0.300000 0.001500 0.100000 50 0.606800 0.643950 0.621137 0.558369 -9.622430e+05 0.611403 0.549855 -9.536380e+05
0.300000 0.010000 0.100000 50 0.607480 0.643950 0.621601 0.558803 -9.601880e+05 0.610012 0.548892 -9.511175e+05
0.300000 0.025000 0.100000 50 0.608500 0.645341 0.621446 0.558817 -9.568470e+05 0.608467 0.544647 -9.477583e+05
0.300000 0.050000 0.100000 50 0.608075 0.645341 0.623918 0.551662 -9.516860e+05 0.611094 0.546779 -9.425000e+05
0.300000 0.100000 0.100000 50 0.611985 0.649513 0.628245 0.552172 -9.427130e+05 0.614957 0.550083 -9.332528e+05
0.300000 0.500000 0.100000 50 0.613515 0.657858 0.631953 0.545878 -9.070760e+05 0.620983 0.545871 -8.954011e+05
0.300000 0.001000 1.000000 50 0.671993 0.678720 0.677689 0.578230 -9.572340e+05 0.653276 0.577706 -9.457405e+05
0.300000 0.001500 1.000000 50 0.671908 0.678720 0.677843 0.578353 -9.571930e+05 0.653430 0.577894 -9.456754e+05
0.300000 0.010000 1.000000 50 0.669783 0.670376 0.675834 0.576483 -9.564140e+05 0.653739 0.569364 -9.439403e+05
0.300000 0.025000 1.000000 50 0.667828 0.675939 0.676761 0.579955 -9.543870e+05 0.654203 0.567041 -9.412102e+05
0.300000 0.050000 1.000000 50 0.667488 0.677330 0.673671 0.577402 -9.517860e+05 0.656984 0.578498 -9.361167e+05
0.300000 0.100000 1.000000 50 0.665788 0.685675 0.675834 0.579103 -9.465290e+05 0.648022 0.576064 -9.287937e+05
0.300000 0.500000 1.000000 50 0.636804 0.631433 0.643696 0.563143 -9.243300e+05 0.630871 0.573145 -9.005037e+05
