0.050000 0.001000 0.001000 50 0.906874 0.897695 0.911596 0.915470 -3.407820e+06 0.912161 0.916017 -3.379434e+06
0.050000 0.001500 0.001000 50 0.906711 0.896974 0.911758 0.915678 -3.406610e+06 0.912161 0.916017 -3.378713e+06
0.050000 0.010000 0.001000 50 0.906515 0.896974 0.911435 0.915336 -3.395850e+06 0.912241 0.916126 -3.367362e+06
0.050000 0.025000 0.001000 50 0.906155 0.896974 0.911113 0.915060 -3.380660e+06 0.912483 0.916371 -3.352517e+06
0.050000 0.050000 0.001000 50 0.914229 0.902017 0.917076 0.920589 -3.363030e+06 0.917802 0.921322 -3.334687e+06
0.050000 0.100000 0.001000 50 0.913771 0.902017 0.916432 0.919951 -3.338860e+06 0.917318 0.920849 -3.309626e+06
0.050000 0.500000 0.001000 50 0.911483 0.895533 0.913853 0.916790 -3.264880e+06 0.914981 0.917988 -3.234602e+06
0.050000 0.001000 0.010000 50 0.919491 0.912824 0.921106 0.924635 -3.397190e+06 0.922234 0.925724 -3.370458e+06
0.050000 0.001500 0.010000 50 0.919524 0.912824 0.921025 0.924558 -3.396450e+06 0.922234 0.925724 -3.369712e+06
0.050000 0.010000 0.010000 50 0.919393 0.912824 0.921106 0.924669 -3.385100e+06 0.921992 0.925510 -3.358265e+06
0.050000 0.025000 0.010000 50 0.919851 0.911383 0.920461 0.924045 -3.368460e+06 0.921589 0.925104 -3.340938e+06
0.050000 0.050000 0.010000 50 0.919589 0.912824 0.920139 0.923758 -3.348870e+06 0.920944 0.924503 -3.320774e+06
0.050000 0.100000 0.010000 50 0.919197 0.912104 0.919816 0.923490 -3.323080e+06 0.921025 0.924570 -3.294246e+06
0.050000 0.500000 0.010000 50 0.919753 0.912104 0.921831 0.925119 -3.248280e+06 0.922879 0.926229 -3.217515e+06
0.050000 0.001000 0.100000 50 0.910045 0.902017 0.912966 0.916885 -3.404830e+06 0.912563 0.916508 -3.371196e+06
0.050000 0.001500 0.100000 50 0.910176 0.902017 0.912805 0.916743 -3.404100e+06 0.912644 0.916605 -3.370456e+06
0.050000 0.010000 0.100000 50 0.910143 0.903458 0.912241 0.916265 -3.391690e+06 0.912966 0.917057 -3.357734e+06
0.050000 0.025000 0.100000 50 0.910045 0.902738 0.912241 0.916332 -3.374740e+06 0.913289 0.917351 -3.341047e+06
0.050000 0.050000 0.100000 50 0.909391 0.904899 0.911838 0.915945 -3.355840e+06 0.912563 0.916763 -3.320178e+06
0.050000 0.100000 0.100000 50 0.908672 0.899856 0.910710 0.914899 -3.331820e+06 0.912241 0.916460 -3.294987e+06
0.050000 0.500000 0.100000 50 0.917269 0.904899 0.915868 0.919211 -3.264080e+06 0.918849 0.922158 -3.224515e+06
0.050000 0.001000 1.000000 50 0.933089 0.917147 0.928197 0.931011 -3.400730e+06 0.934161 0.937030 -3.339014e+06
0.050000 0.001500 1.000000 50 0.933089 0.917147 0.928117 0.930935 -3.400380e+06 0.934241 0.937105 -3.338685e+06
0.050000 0.010000 1.000000 50 0.933024 0.915706 0.927794 0.930655 -3.395570e+06 0.934322 0.937218 -3.330601e+06
0.050000 0.025000 1.000000 50 0.933514 0.912104 0.927714 0.930556 -3.386820e+06 0.933355 0.936314 -3.317781e+06
0.050000 0.050000 1.000000 50 0.933383 0.914265 0.927714 0.930711 -3.375990e+06 0.933032 0.936041 -3.305130e+06
0.050000 0.100000 1.000000 50 0.932926 0.912824 0.927714 0.930678 -3.360670e+06 0.933113 0.936189 -3.286805e+06
0.050000 0.500000 1.000000 50 0.924721 0.896974 0.913047 0.916788 -3.310660e+06 0.923443 0.927148 -3.236855e+06
