0.100000 0.001000 0.001000 50 0.677354 0.687619 0.681003 0.680998 -1.892750e+07 0.680844 0.680840 -1.887953e+07
0.100000 0.001500 0.001000 50 0.677490 0.687619 0.681003 0.680998 -1.892170e+07 0.680844 0.680840 -1.887370e+07
0.100000 0.010000 0.001000 50 0.677672 0.686190 0.681003 0.680998 -1.883300e+07 0.680633 0.680628 -1.878231e+07
0.100000 0.025000 0.001000 50 0.679078 0.688571 0.682643 0.682638 -1.872850e+07 0.682167 0.682162 -1.867609e+07
0.100000 0.050000 0.001000 50 0.680347 0.688571 0.683860 0.683855 -1.862010e+07 0.684283 0.684278 -1.856565e+07
0.100000 0.100000 0.001000 50 0.682275 0.689524 0.686134 0.686129 -1.849620e+07 0.685235 0.685229 -1.843963e+07
0.100000 0.500000 0.001000 50 0.678397 0.689524 0.683701 0.683694 -1.821950e+07 0.682749 0.682742 -1.815848e+07
0.100000 0.001000 0.010000 50 0.675155 0.682857 0.677988 0.677983 -1.892670e+07 0.678199 0.678195 -1.887144e+07
0.100000 0.001500 0.010000 50 0.675132 0.682381 0.677988 0.677983 -1.892090e+07 0.678464 0.678459 -1.886549e+07
0.100000 0.010000 0.010000 50 0.675858 0.681905 0.679628 0.679623 -1.883380e+07 0.678993 0.678988 -1.877710e+07
0.100000 0.025000 0.010000 50 0.675608 0.684762 0.680104 0.680099 -1.872370e+07 0.679998 0.679993 -1.866755e+07
0.100000 0.050000 0.010000 50 0.675835 0.684762 0.680791 0.680786 -1.861210e+07 0.681215 0.681210 -1.855269e+07
0.100000 0.100000 0.010000 50 0.676198 0.683810 0.681532 0.681527 -1.848490e+07 0.680209 0.680204 -1.842242e+07
0.100000 0.500000 0.010000 50 0.676946 0.686190 0.679945 0.679937 -1.820390e+07 0.679469 0.679460 -1.813502e+07
0.100000 0.001000 0.100000 50 0.680733 0.690476 0.683701 0.683694 -1.893240e+07 0.684495 0.684487 -1.886949e+07
0.100000 0.001500 0.100000 50 0.680756 0.690000 0.684018 0.684012 -1.892690e+07 0.684547 0.684540 -1.886393e+07
0.100000 0.010000 0.100000 50 0.682706 0.692381 0.685923 0.685916 -1.883750e+07 0.685500 0.685492 -1.877128e+07
0.100000 0.025000 0.100000 50 0.684361 0.691905 0.689097 0.689090 -1.873050e+07 0.688356 0.688349 -1.866008e+07
0.100000 0.050000 0.100000 50 0.686583 0.695238 0.691636 0.691629 -1.861990e+07 0.691107 0.691100 -1.854563e+07
0.100000 0.100000 0.100000 50 0.687173 0.693810 0.692007 0.691999 -1.849550e+07 0.691160 0.691152 -1.841683e+07
0.100000 0.500000 0.100000 50 0.685245 0.687619 0.690525 0.690518 -1.822210e+07 0.691319 0.691312 -1.813660e+07
0.100000 0.001000 1.000000 50 0.683885 0.687619 0.685553 0.685546 -1.892960e+07 0.686293 0.686287 -1.882440e+07
0.100000 0.001500 1.000000 50 0.684111 0.687619 0.686187 0.686181 -1.892330e+07 0.686769 0.686763 -1.881772e+07
0.100000 0.010000 1.000000 50 0.687241 0.690952 0.689414 0.689407 -1.882980e+07 0.689838 0.689831 -1.871804e+07
0.100000 0.025000 1.000000 50 0.691617 0.695714 0.695181 0.695173 -1.872600e+07 0.693117 0.693110 -1.860417e+07
0.100000 0.050000 1.000000 50 0.694043 0.693333 0.697720 0.697711 -1.862710e+07 0.695551 0.695543 -1.849583e+07
0.100000 0.100000 1.000000 50 0.694361 0.700000 0.697826 0.697817 -1.851870e+07 0.697508 0.697500 -1.838363e+07
0.100000 0.500000 1.000000 50 0.689826 0.694762 0.691742 0.691731 -1.828690e+07 0.692218 0.692208 -1.814291e+07
