0.100000 0.001000 0.001000 50 0.564620 0.578581 0.569067 0.500962 -9.650710e+05 0.563195 0.501929 -9.595542e+05
0.100000 0.001500 0.001000 50 0.561843 0.578581 0.566595 0.495775 -9.647840e+05 0.563041 0.501805 -9.594657e+05
0.100000 0.010000 0.001000 50 0.559728 0.578581 0.565204 0.491640 -9.630850e+05 0.562268 0.498019 -9.576746e+05
0.100000 0.025000 0.001000 50 0.560389 0.578581 0.565358 0.488783 -9.602520e+05 0.560878 0.493909 -9.547865e+05
0.100000 0.050000 0.001000 50 0.561777 0.574409 0.567058 0.490167 -9.557980e+05 0.561650 0.491388 -9.502900e+05
0.100000 0.100000 0.001000 50 0.568652 0.573018 0.571848 0.497110 -9.477780e+05 0.566749 0.495444 -9.422279e+05
0.100000 0.500000 0.001000 50 0.581807 0.593880 0.584209 0.513080 -9.103160e+05 0.579419 0.508828 -9.034644e+05
0.100000 0.001000 0.010000 50 0.557480 0.550765 0.554388 0.508566 -9.621990e+05 0.551143 0.502798 -9.558770e+05
0.100000 0.001500 0.010000 50 0.557480 0.552156 0.554697 0.508818 -9.621090e+05 0.551143 0.502798 -9.557877e+05
0.100000 0.010000 0.010000 50 0.555960 0.552156 0.554388 0.508618 -9.603370e+05 0.550989 0.505792 -9.539021e+05
0.100000 0.025000 0.010000 50 0.556158 0.554937 0.554852 0.512168 -9.574500e+05 0.551607 0.506417 -9.512423e+05
0.100000 0.050000 0.010000 50 0.559529 0.560501 0.557015 0.510938 -9.531090e+05 0.552225 0.506995 -9.465921e+05
0.100000 0.100000 0.010000 50 0.561513 0.570236 0.559023 0.506447 -9.449590e+05 0.556397 0.504336 -9.382846e+05
0.100000 0.500000 0.010000 50 0.573676 0.600834 0.578337 0.510425 -9.082470e+05 0.575093 0.504622 -9.000665e+05
0.100000 0.001000 0.100000 50 0.603028 0.598053 0.605686 0.528632 -9.618800e+05 0.600896 0.527892 -9.526500e+05
0.100000 0.001500 0.100000 50 0.602565 0.595271 0.604604 0.527694 -9.613800e+05 0.598733 0.526024 -9.520886e+05
0.100000 0.010000 0.100000 50 0.602631 0.598053 0.604604 0.527736 -9.593920e+05 0.599197 0.529515 -9.500993e+05
0.100000 0.025000 0.100000 50 0.603689 0.602225 0.605532 0.528447 -9.561870e+05 0.598888 0.526202 -9.468852e+05
0.100000 0.050000 0.100000 50 0.604879 0.598053 0.606922 0.535739 -9.508630e+05 0.600742 0.524574 -9.417631e+05
0.100000 0.100000 0.100000 50 0.607655 0.602225 0.610012 0.538040 -9.424530e+05 0.605532 0.528351 -9.326755e+05
0.100000 0.500000 0.100000 50 0.602499 0.616134 0.613875 0.534438 -9.084400e+05 0.610167 0.528766 -8.960185e+05
0.100000 0.001000 1.000000 50 0.604152 0.602225 0.611248 0.592201 -9.564180e+05 0.604450 0.592032 -9.416497e+05
0.100000 0.001500 1.000000 50 0.604085 0.602225 0.610785 0.591823 -9.563940e+05 0.604604 0.592159 -9.416187e+05
0.100000 0.010000 1.000000 50 0.603755 0.602225 0.610167 0.594464 -9.557290e+05 0.604913 0.589428 -9.404144e+05
0.100000 0.025000 1.000000 50 0.604416 0.611961 0.612021 0.593006 -9.540010e+05 0.605841 0.590175 -9.374545e+05
0.100000 0.050000 1.000000 50 0.606069 0.613352 0.614339 0.595073 -9.507930e+05 0.607540 0.591358 -9.331771e+05
0.100000 0.100000 1.000000 50 0.607523 0.611961 0.612021 0.589151 -9.450840e+05 0.608004 0.588674 -9.246119e+05
0.100000 0.500000 1.000000 50 0.607192 0.616134 0.608931 0.578327 -9.215240e+05 0.605222 0.580676 -8.954407e+05
