0.200000 0.001000 0.001000 50 0.661615 0.655856 0.666798 0.655388 -3.728860e+06 0.661071 0.649713 -3.697678e+06
0.200000 0.001500 0.001000 50 0.662187 0.661261 0.666798 0.655594 -3.726980e+06 0.659688 0.648376 -3.695325e+06
0.200000 0.010000 0.001000 50 0.668382 0.659459 0.678452 0.666953 -3.711430e+06 0.668773 0.657017 -3.679127e+06
0.200000 0.025000 0.001000 50 0.671242 0.664865 0.681809 0.671263 -3.698010e+06 0.675291 0.663947 -3.666152e+06
0.200000 0.050000 0.001000 50 0.670479 0.670270 0.680427 0.669940 -3.685970e+06 0.673909 0.662255 -3.653925e+06
0.200000 0.100000 0.001000 50 0.673434 0.675676 0.676871 0.666370 -3.671700e+06 0.673119 0.661664 -3.639452e+06
0.200000 0.500000 0.001000 50 0.662568 0.650450 0.661663 0.650685 -3.632430e+06 0.659490 0.647342 -3.598662e+06
0.200000 0.001000 0.010000 50 0.677057 0.702703 0.689907 0.682299 -3.726300e+06 0.688920 0.680961 -3.691803e+06
0.200000 0.001500 0.010000 50 0.677628 0.704505 0.688130 0.680570 -3.724440e+06 0.688525 0.680390 -3.689962e+06
0.200000 0.010000 0.010000 50 0.681155 0.693694 0.693067 0.685580 -3.707660e+06 0.690302 0.681694 -3.672780e+06
0.200000 0.025000 0.010000 50 0.683634 0.699099 0.692475 0.684587 -3.693570e+06 0.689117 0.680539 -3.658355e+06
0.200000 0.050000 0.010000 50 0.681632 0.702703 0.690302 0.682133 -3.680770e+06 0.688525 0.679513 -3.645349e+06
0.200000 0.100000 0.010000 50 0.681918 0.702703 0.693660 0.685255 -3.666320e+06 0.687735 0.678591 -3.630525e+06
0.200000 0.500000 0.010000 50 0.667525 0.681081 0.673514 0.663427 -3.628540e+06 0.669563 0.658532 -3.591435e+06
0.200000 0.001000 0.100000 50 0.667429 0.681081 0.674106 0.667993 -3.727500e+06 0.670749 0.664691 -3.685357e+06
0.200000 0.001500 0.100000 50 0.668764 0.679279 0.676279 0.670335 -3.725620e+06 0.671736 0.665489 -3.683130e+06
0.200000 0.010000 0.100000 50 0.665809 0.681081 0.678452 0.672703 -3.708130e+06 0.673119 0.667014 -3.664469e+06
0.200000 0.025000 0.100000 50 0.668478 0.675676 0.684377 0.678409 -3.694730e+06 0.678254 0.672197 -3.650443e+06
0.200000 0.050000 0.100000 50 0.665713 0.679279 0.681809 0.675640 -3.683310e+06 0.677859 0.670540 -3.637375e+06
0.200000 0.100000 0.100000 50 0.665904 0.679279 0.679439 0.672098 -3.668990e+06 0.676279 0.668439 -3.622730e+06
0.200000 0.500000 0.100000 50 0.664474 0.673874 0.667193 0.658587 -3.633350e+06 0.669959 0.660537 -3.585852e+06
0.200000 0.001000 1.000000 50 0.628062 0.659459 0.645467 0.637889 -3.735230e+06 0.638752 0.628510 -3.663604e+06
0.200000 0.001500 1.000000 50 0.630540 0.661261 0.647442 0.639291 -3.733760e+06 0.639344 0.628825 -3.662074e+06
0.200000 0.010000 1.000000 50 0.634067 0.661261 0.651985 0.642878 -3.723160e+06 0.648232 0.636714 -3.650993e+06
0.200000 0.025000 1.000000 50 0.637975 0.657658 0.653960 0.644684 -3.713930e+06 0.648035 0.635891 -3.642048e+06
0.200000 0.050000 1.000000 50 0.634067 0.655856 0.650602 0.641395 -3.707040e+06 0.644085 0.632633 -3.635674e+06
0.200000 0.100000 1.000000 50 0.634925 0.645045 0.648232 0.639172 -3.698540e+06 0.647245 0.635605 -3.626434e+06
0.200000 0.500000 1.000000 50 0.638452 0.612613 0.618211 0.607740 -3.672990e+06 0.651195 0.637333 -3.604321e+06
