0.300000 0.001000 0.001000 50 0.659660 0.668468 0.664231 0.658093 -3.727080e+06 0.662651 0.656532 -3.695832e+06
0.300000 0.001500 0.001000 50 0.659769 0.673874 0.664823 0.658510 -3.725490e+06 0.661861 0.655623 -3.693800e+06
0.300000 0.010000 0.001000 50 0.659116 0.672072 0.668971 0.662526 -3.710570e+06 0.664823 0.658037 -3.678448e+06
0.300000 0.025000 0.001000 50 0.664997 0.664865 0.672724 0.665962 -3.697350e+06 0.671144 0.663833 -3.664931e+06
0.300000 0.050000 0.001000 50 0.663145 0.657658 0.674304 0.667123 -3.685130e+06 0.673514 0.665976 -3.652474e+06
0.300000 0.100000 0.001000 50 0.666957 0.661261 0.679637 0.672040 -3.670930e+06 0.677464 0.669268 -3.637972e+06
0.300000 0.500000 0.001000 50 0.654977 0.646847 0.670354 0.662101 -3.631400e+06 0.665811 0.656711 -3.597011e+06
0.300000 0.001000 0.010000 50 0.655631 0.634234 0.664033 0.654410 -3.728030e+06 0.659490 0.649377 -3.693534e+06
0.300000 0.001500 0.010000 50 0.655522 0.639640 0.664823 0.655203 -3.726480e+06 0.660478 0.650275 -3.691968e+06
0.300000 0.010000 0.010000 50 0.660314 0.655856 0.673316 0.663128 -3.710760e+06 0.664033 0.653589 -3.674860e+06
0.300000 0.025000 0.010000 50 0.661729 0.648649 0.675291 0.664903 -3.697780e+06 0.666996 0.656843 -3.662199e+06
0.300000 0.050000 0.010000 50 0.666957 0.648649 0.678649 0.669053 -3.685660e+06 0.670354 0.659954 -3.649521e+06
0.300000 0.100000 0.010000 50 0.666413 0.650450 0.675884 0.666093 -3.670860e+06 0.674304 0.664111 -3.634252e+06
0.300000 0.500000 0.010000 50 0.654759 0.639640 0.661071 0.649749 -3.631700e+06 0.663441 0.651776 -3.593522e+06
0.300000 0.001000 0.100000 50 0.669898 0.675676 0.687932 0.681943 -3.730700e+06 0.680032 0.674368 -3.689342e+06
0.300000 0.001500 0.100000 50 0.669898 0.677477 0.687932 0.681953 -3.728970e+06 0.680229 0.674599 -3.687293e+06
0.300000 0.010000 0.100000 50 0.672294 0.682883 0.694252 0.688157 -3.712320e+06 0.687932 0.681951 -3.668433e+06
0.300000 0.025000 0.100000 50 0.672729 0.675676 0.695042 0.688051 -3.699370e+06 0.688920 0.681563 -3.655309e+06
0.300000 0.050000 0.100000 50 0.670987 0.666667 0.693067 0.685587 -3.687890e+06 0.689315 0.681469 -3.642942e+06
0.300000 0.100000 0.100000 50 0.668809 0.668468 0.690500 0.682766 -3.674610e+06 0.687142 0.678761 -3.629070e+06
0.300000 0.500000 0.100000 50 0.651928 0.643243 0.669761 0.661317 -3.640440e+06 0.673119 0.663767 -3.593119e+06
0.300000 0.001000 1.000000 50 0.677412 0.690090 0.695240 0.688138 -3.733120e+06 0.678056 0.668741 -3.660100e+06
0.300000 0.001500 1.000000 50 0.675343 0.686486 0.694450 0.687529 -3.731830e+06 0.677859 0.668460 -3.658652e+06
0.300000 0.010000 1.000000 50 0.675016 0.690090 0.698598 0.690539 -3.720570e+06 0.682007 0.672390 -3.648120e+06
0.300000 0.025000 1.000000 50 0.680571 0.693694 0.703140 0.694693 -3.712930e+06 0.684574 0.673957 -3.639958e+06
0.300000 0.050000 1.000000 50 0.680026 0.686486 0.704523 0.694707 -3.704450e+06 0.691092 0.679659 -3.630921e+06
0.300000 0.100000 1.000000 50 0.685363 0.693694 0.703733 0.693414 -3.695230e+06 0.694647 0.682839 -3.621720e+06
0.300000 0.500000 1.000000 50 0.690481 0.668468 0.688130 0.676719 -3.673780e+06 0.708868 0.695986 -3.601842e+06
