0.700000 0.001000 0.001000 50 0.921556 0.915706 0.927391 0.929478 -3.407030e+06 0.922314 0.924676 -3.378387e+06
0.700000 0.001500 0.001000 50 0.921453 0.915706 0.927391 0.929478 -3.406340e+06 0.922395 0.924771 -3.377696e+06
0.700000 0.010000 0.001000 50 0.922177 0.916427 0.927391 0.929500 -3.395280e+06 0.922234 0.924638 -3.366645e+06
0.700000 0.025000 0.001000 50 0.922384 0.917147 0.928197 0.930297 -3.379700e+06 0.922556 0.925036 -3.351629e+06
0.700000 0.050000 0.001000 50 0.922177 0.919308 0.928278 0.930437 -3.361160e+06 0.923362 0.925863 -3.333047e+06
0.700000 0.100000 0.001000 50 0.923109 0.920029 0.927714 0.929933 -3.336430e+06 0.923684 0.926255 -3.307520e+06
0.700000 0.500000 0.001000 50 0.921660 0.911383 0.926505 0.928602 -3.262020e+06 0.921589 0.923937 -3.232003e+06
0.700000 0.001000 0.010000 50 0.936148 0.932997 0.936095 0.938525 -3.398510e+06 0.931663 0.934432 -3.371211e+06
0.700000 0.001500 0.010000 50 0.936252 0.932997 0.936175 0.938611 -3.397780e+06 0.932227 0.934968 -3.369650e+06
0.700000 0.010000 0.010000 50 0.936045 0.932997 0.936014 0.938468 -3.386490e+06 0.932065 0.934843 -3.358316e+06
0.700000 0.025000 0.010000 50 0.935941 0.934438 0.936014 0.938483 -3.370160e+06 0.931421 0.934299 -3.342214e+06
0.700000 0.050000 0.010000 50 0.935734 0.935879 0.935853 0.938290 -3.350690e+06 0.931179 0.934012 -3.321558e+06
0.700000 0.100000 0.010000 50 0.935941 0.934438 0.935772 0.938199 -3.324910e+06 0.930373 0.933323 -3.295372e+06
0.700000 0.500000 0.010000 50 0.933044 0.928674 0.932146 0.934253 -3.251990e+06 0.930695 0.933092 -3.220592e+06
0.700000 0.001000 0.100000 50 0.935941 0.940202 0.939882 0.941864 -3.404990e+06 0.937626 0.939887 -3.371050e+06
0.700000 0.001500 0.100000 50 0.936045 0.940202 0.939802 0.941788 -3.404240e+06 0.937545 0.939815 -3.370293e+06
0.700000 0.010000 0.100000 50 0.936355 0.936599 0.940044 0.942080 -3.391680e+06 0.937304 0.939631 -3.357408e+06
0.700000 0.025000 0.100000 50 0.937080 0.937320 0.940608 0.942635 -3.374410e+06 0.937465 0.939842 -3.340570e+06
0.700000 0.050000 0.100000 50 0.936769 0.938761 0.940688 0.942766 -3.354740e+06 0.937707 0.940134 -3.319081e+06
0.700000 0.100000 0.100000 50 0.936355 0.935159 0.939802 0.941995 -3.329670e+06 0.937062 0.939551 -3.292835e+06
0.700000 0.500000 0.100000 50 0.932423 0.923631 0.935128 0.937362 -3.262360e+06 0.933274 0.935689 -3.222845e+06
0.700000 0.001000 1.000000 50 0.948981 0.942363 0.947377 0.948864 -3.406720e+06 0.947538 0.949555 -3.345230e+06
0.700000 0.001500 1.000000 50 0.948877 0.942363 0.946732 0.948257 -3.405780e+06 0.947538 0.949566 -3.344645e+06
0.700000 0.010000 1.000000 50 0.948153 0.943084 0.946652 0.948177 -3.397730e+06 0.946088 0.948201 -3.332675e+06
0.700000 0.025000 1.000000 50 0.947946 0.939481 0.945443 0.947073 -3.386920e+06 0.945362 0.947555 -3.318819e+06
0.700000 0.050000 1.000000 50 0.947946 0.936599 0.945040 0.946762 -3.376010e+06 0.944476 0.946770 -3.305475e+06
0.700000 0.100000 1.000000 50 0.946600 0.930836 0.944637 0.946439 -3.361260e+06 0.942945 0.945337 -3.288928e+06
0.700000 0.500000 1.000000 50 0.942461 0.916427 0.934080 0.936062 -3.313770e+06 0.938271 0.941034 -3.241961e+06
