0.005000 0.001000 0.001000 50 0.545677 0.558559 0.545724 0.531400 -3.732050e+06 0.580683 0.565825 -3.699540e+06
0.005000 0.001500 0.001000 50 0.544451 0.565766 0.550662 0.536109 -3.730620e+06 0.567450 0.552242 -3.697315e+06
0.005000 0.010000 0.001000 50 0.569283 0.583784 0.587201 0.571527 -3.715340e+06 0.585029 0.569612 -3.681807e+06
0.005000 0.025000 0.001000 50 0.571965 0.583784 0.587991 0.572366 -3.701270e+06 0.586609 0.570807 -3.668893e+06
0.005000 0.050000 0.001000 50 0.559933 0.572973 0.575746 0.560238 -3.689100e+06 0.579893 0.564272 -3.655831e+06
0.005000 0.100000 0.001000 50 0.545141 0.565766 0.556389 0.540710 -3.675610e+06 0.567055 0.550920 -3.641771e+06
0.005000 0.500000 0.001000 50 0.516861 0.545946 0.534466 0.518629 -3.637880e+06 0.536638 0.520932 -3.603618e+06
0.005000 0.001000 0.010000 50 0.559166 0.571171 0.563302 0.548370 -3.736850e+06 0.569030 0.553972 -3.700031e+06
0.005000 0.001500 0.010000 50 0.557710 0.574775 0.565278 0.550327 -3.735040e+06 0.568240 0.553265 -3.698340e+06
0.005000 0.010000 0.010000 50 0.551426 0.569369 0.560340 0.545868 -3.719430e+06 0.555204 0.540864 -3.680588e+06
0.005000 0.025000 0.010000 50 0.544758 0.565766 0.554414 0.539814 -3.705390e+06 0.557575 0.542937 -3.667756e+06
0.005000 0.050000 0.010000 50 0.549126 0.563964 0.565080 0.549839 -3.692670e+06 0.566660 0.551246 -3.654735e+06
0.005000 0.100000 0.010000 50 0.536864 0.556757 0.557970 0.542660 -3.679280e+06 0.560932 0.545494 -3.641219e+06
0.005000 0.500000 0.010000 50 0.498697 0.540541 0.505629 0.490475 -3.644170e+06 0.510369 0.494895 -3.605793e+06
0.005000 0.001000 0.100000 50 0.553648 0.581982 0.561525 0.542041 -3.739450e+06 0.569623 0.551092 -3.692753e+06
0.005000 0.001500 0.100000 50 0.554951 0.583784 0.565278 0.545903 -3.738930e+06 0.571400 0.552787 -3.692494e+06
0.005000 0.010000 0.100000 50 0.552192 0.589189 0.567450 0.549154 -3.724940e+06 0.573573 0.556091 -3.677368e+06
0.005000 0.025000 0.100000 50 0.555028 0.590991 0.572388 0.554824 -3.712990e+06 0.576733 0.559892 -3.665537e+06
0.005000 0.050000 0.100000 50 0.559166 0.590991 0.573573 0.556730 -3.701650e+06 0.578906 0.562334 -3.652966e+06
0.005000 0.100000 0.100000 50 0.551272 0.585586 0.568635 0.552476 -3.689280e+06 0.575153 0.558777 -3.640558e+06
0.005000 0.500000 0.100000 50 0.504982 0.518919 0.518270 0.505389 -3.657680e+06 0.517677 0.504841 -3.608994e+06
0.005000 0.001000 1.000000 50 0.554721 0.567568 0.561525 0.548307 -3.745920e+06 0.565673 0.551940 -3.665795e+06
0.005000 0.001500 1.000000 50 0.571122 0.587387 0.572388 0.559544 -3.745370e+06 0.575943 0.562729 -3.664638e+06
0.005000 0.010000 1.000000 50 0.570202 0.585586 0.574561 0.561858 -3.734710e+06 0.576931 0.563723 -3.651071e+06
0.005000 0.025000 1.000000 50 0.569589 0.590991 0.573375 0.560745 -3.725640e+06 0.577721 0.564455 -3.642512e+06
0.005000 0.050000 1.000000 50 0.563075 0.587387 0.565673 0.553254 -3.717060e+06 0.567648 0.554878 -3.636108e+06
0.005000 0.100000 1.000000 50 0.566983 0.583784 0.570808 0.557915 -3.707400e+06 0.568833 0.555949 -3.627919e+06
0.005000 0.500000 1.000000 50 0.575644 0.576577 0.561525 0.547609 -3.687170e+06 0.577128 0.562683 -3.609759e+06
