0.005000 0.001000 0.001000 50 0.673380 0.683810 0.676295 0.676290 -1.892600e+07 0.678464 0.678459 -1.887687e+07
0.005000 0.001500 0.001000 50 0.673708 0.683810 0.676083 0.676079 -1.892030e+07 0.678464 0.678459 -1.887121e+07
0.005000 0.010000 0.001000 50 0.675165 0.685714 0.677882 0.677877 -1.883460e+07 0.680315 0.680310 -1.878448e+07
0.005000 0.025000 0.001000 50 0.676969 0.686190 0.679892 0.679887 -1.872830e+07 0.682220 0.682215 -1.867505e+07
0.005000 0.050000 0.001000 50 0.678836 0.684762 0.682537 0.682532 -1.862080e+07 0.682960 0.682955 -1.856529e+07
0.005000 0.100000 0.001000 50 0.680107 0.684286 0.684336 0.684330 -1.849890e+07 0.684283 0.684277 -1.844097e+07
0.005000 0.500000 0.001000 50 0.674488 0.678095 0.679733 0.679726 -1.822670e+07 0.680421 0.680413 -1.816428e+07
0.005000 0.001000 0.010000 50 0.668848 0.674762 0.670952 0.670947 -1.893440e+07 0.673279 0.673275 -1.887804e+07
0.005000 0.001500 0.010000 50 0.668807 0.675238 0.671110 0.671106 -1.892910e+07 0.673332 0.673328 -1.887271e+07
0.005000 0.010000 0.010000 50 0.668868 0.673810 0.672116 0.672112 -1.884510e+07 0.673914 0.673910 -1.879059e+07
0.005000 0.025000 0.010000 50 0.670529 0.678095 0.673332 0.673328 -1.874420e+07 0.674655 0.674651 -1.868711e+07
0.005000 0.050000 0.010000 50 0.671739 0.678571 0.675713 0.675709 -1.863800e+07 0.674919 0.674915 -1.857786e+07
0.005000 0.100000 0.010000 50 0.673749 0.686667 0.676612 0.676607 -1.851570e+07 0.677194 0.677189 -1.845245e+07
0.005000 0.500000 0.010000 50 0.667063 0.671905 0.672539 0.672532 -1.824470e+07 0.673808 0.673801 -1.817359e+07
0.005000 0.001000 0.100000 50 0.670734 0.679048 0.670158 0.670155 -1.893880e+07 0.671058 0.671054 -1.887125e+07
0.005000 0.001500 0.100000 50 0.669524 0.678571 0.669312 0.669309 -1.892970e+07 0.671163 0.671160 -1.886582e+07
0.005000 0.010000 0.100000 50 0.670406 0.679048 0.671110 0.671107 -1.884620e+07 0.673914 0.673911 -1.878085e+07
0.005000 0.025000 0.100000 50 0.670899 0.679048 0.671481 0.671478 -1.873840e+07 0.672697 0.672694 -1.866865e+07
0.005000 0.050000 0.100000 50 0.672047 0.680476 0.673703 0.673699 -1.863340e+07 0.675025 0.675021 -1.855943e+07
0.005000 0.100000 0.100000 50 0.673852 0.685714 0.675924 0.675920 -1.851370e+07 0.676982 0.676978 -1.843510e+07
0.005000 0.500000 0.100000 50 0.671165 0.678095 0.675554 0.675547 -1.825080e+07 0.675819 0.675812 -1.816140e+07
0.005000 0.001000 1.000000 50 0.679451 0.680952 0.681162 0.681154 -1.893590e+07 0.684230 0.684222 -1.882950e+07
0.005000 0.001500 1.000000 50 0.679779 0.681905 0.682008 0.682000 -1.892680e+07 0.684495 0.684487 -1.882394e+07
0.005000 0.010000 1.000000 50 0.685235 0.688095 0.686452 0.686443 -1.884470e+07 0.689626 0.689617 -1.872868e+07
0.005000 0.025000 1.000000 50 0.688250 0.691429 0.690631 0.690620 -1.874870e+07 0.693329 0.693318 -1.862038e+07
0.005000 0.050000 1.000000 50 0.691285 0.700000 0.694810 0.694798 -1.865720e+07 0.696450 0.696438 -1.851500e+07
0.005000 0.100000 1.000000 50 0.692762 0.696190 0.696979 0.696966 -1.855180e+07 0.698937 0.698923 -1.840432e+07
0.005000 0.500000 1.000000 50 0.678139 0.675238 0.679680 0.679669 -1.830750e+07 0.682273 0.682261 -1.815860e+07
