0.200000 0.001000 0.001000 50 0.565149 0.564673 0.568449 0.494388 -9.639090e+05 0.558405 0.488819 -9.581337e+05
0.200000 0.001500 0.001000 50 0.562398 0.563282 0.563659 0.493445 -9.635720e+05 0.558560 0.488946 -9.580460e+05
0.200000 0.010000 0.001000 50 0.560538 0.557719 0.563968 0.493684 -9.618370e+05 0.556551 0.490567 -9.561937e+05
0.200000 0.025000 0.001000 50 0.560167 0.563282 0.564277 0.493974 -9.589960e+05 0.555779 0.489910 -9.532914e+05
0.200000 0.050000 0.001000 50 0.562026 0.566064 0.564431 0.494164 -9.545330e+05 0.558869 0.492483 -9.487926e+05
0.200000 0.100000 0.001000 50 0.567752 0.566064 0.570612 0.502124 -9.464380e+05 0.564895 0.497336 -9.409166e+05
0.200000 0.500000 0.001000 50 0.581437 0.579972 0.585290 0.511069 -9.085730e+05 0.579419 0.506153 -9.022264e+05
0.200000 0.001000 0.010000 50 0.580321 0.568846 0.584209 0.522658 -9.644410e+05 0.572466 0.509488 -9.578370e+05
0.200000 0.001500 0.010000 50 0.580396 0.568846 0.584518 0.522910 -9.643500e+05 0.572621 0.509615 -9.577476e+05
0.200000 0.010000 0.010000 50 0.580991 0.567455 0.585600 0.520832 -9.626330e+05 0.573239 0.507083 -9.559166e+05
0.200000 0.025000 0.010000 50 0.582404 0.573018 0.586836 0.518639 -9.599080e+05 0.573548 0.507171 -9.532303e+05
0.200000 0.050000 0.010000 50 0.583296 0.575800 0.589926 0.521189 -9.553310e+05 0.576483 0.512606 -9.485638e+05
0.200000 0.100000 0.010000 50 0.584189 0.584145 0.593943 0.530609 -9.471170e+05 0.582046 0.517105 -9.404536e+05
0.200000 0.500000 0.010000 50 0.586420 0.591099 0.594716 0.518983 -9.097030e+05 0.586836 0.511942 -9.013231e+05
0.200000 0.001000 0.100000 50 0.597724 0.606398 0.598269 0.522566 -9.615960e+05 0.593171 0.521102 -9.530767e+05
0.200000 0.001500 0.100000 50 0.597724 0.609179 0.598269 0.522566 -9.614980e+05 0.591162 0.519329 -9.524996e+05
0.200000 0.010000 0.100000 50 0.596906 0.606398 0.598269 0.522547 -9.594540e+05 0.588690 0.520232 -9.504413e+05
0.200000 0.025000 0.100000 50 0.597427 0.611961 0.602132 0.525936 -9.561350e+05 0.588535 0.520089 -9.471374e+05
0.200000 0.050000 0.100000 50 0.598394 0.603616 0.608158 0.531141 -9.510800e+05 0.591162 0.519210 -9.419808e+05
0.200000 0.100000 0.100000 50 0.602856 0.609179 0.612176 0.531662 -9.423070e+05 0.595643 0.523122 -9.328938e+05
0.200000 0.500000 0.100000 50 0.608359 0.627260 0.627936 0.547103 -9.074910e+05 0.616656 0.534071 -8.954188e+05
0.200000 0.001000 1.000000 50 0.585230 0.607789 0.600896 0.580257 -9.585220e+05 0.592089 0.569631 -9.452015e+05
0.200000 0.001500 1.000000 50 0.585453 0.605007 0.600896 0.580257 -9.584870e+05 0.594407 0.568698 -9.446112e+05
0.200000 0.010000 1.000000 50 0.587610 0.603616 0.603368 0.582529 -9.575280e+05 0.594870 0.566053 -9.437564e+05
0.200000 0.025000 1.000000 50 0.591626 0.603616 0.608313 0.584151 -9.552810e+05 0.597342 0.568439 -9.411311e+05
0.200000 0.050000 1.000000 50 0.605608 0.611961 0.622064 0.585475 -9.513940e+05 0.602132 0.572977 -9.356109e+05
0.200000 0.100000 1.000000 50 0.653503 0.636996 0.660383 0.590049 -9.457560e+05 0.602132 0.567053 -9.280829e+05
0.200000 0.500000 1.000000 50 0.626952 0.623088 0.628863 0.583279 -9.247320e+05 0.605686 0.572511 -9.008201e+05
