0.900000 0.001000 0.001000 50 0.702102 0.705714 0.706819 0.706809 -1.896120e+07 0.700682 0.700674 -1.890277e+07
0.900000 0.100000 0.010000 50 0.701694 0.701429 0.705126 0.705116 -1.852780e+07 0.700788 0.700779 -1.846768e+07
0.900000 0.500000 0.010000 50 0.693736 0.690476 0.699307 0.699296 -1.823740e+07 0.695234 0.695223 -1.817922e+07
0.900000 0.001000 0.100000 50 0.701489 0.710000 0.711898 0.711887 -1.896260e+07 0.704174 0.704164 -1.889365e+07
0.900000 0.001500 0.100000 50 0.701489 0.710476 0.712003 0.711993 -1.895660e+07 0.704915 0.704905 -1.888281e+07
0.900000 0.010000 0.100000 50 0.703326 0.710476 0.712532 0.712521 -1.886530e+07 0.705814 0.705804 -1.879047e+07
0.900000 0.025000 0.100000 50 0.703734 0.712381 0.714014 0.714002 -1.874840e+07 0.706184 0.706173 -1.867534e+07
0.900000 0.050000 0.100000 50 0.705774 0.712857 0.713538 0.713526 -1.863220e+07 0.707348 0.707337 -1.855214e+07
0.900000 0.100000 0.100000 50 0.703938 0.710952 0.713009 0.712996 -1.850250e+07 0.708776 0.708764 -1.842099e+07
0.900000 0.500000 0.100000 50 0.698633 0.704762 0.704756 0.704742 -1.822840e+07 0.701846 0.701833 -1.814474e+07
0.900000 0.025000 0.010000 50 0.716180 0.719524 0.723642 0.723630 -1.873520e+07 0.716553 0.716542 -1.863106e+07
0.900000 0.050000 0.010000 50 0.717201 0.720000 0.724012 0.724001 -1.862150e+07 0.717082 0.717071 -1.851215e+07
0.900000 0.100000 0.010000 50 0.714956 0.724286 0.722372 0.722360 -1.849630e+07 0.714648 0.714637 -1.838126e+07
0.900000 0.500000 0.010000 50 0.704550 0.716667 0.708565 0.708552 -1.822730e+07 0.705285 0.705273 -1.811314e+07
0.900000 0.001000 0.100000 50 0.710467 0.718095 0.723166 0.723155 -1.895740e+07 0.712638 0.712629 -1.885878e+07
0.900000 0.001500 0.100000 50 0.711283 0.718095 0.723324 0.723314 -1.895080e+07 0.712691 0.712682 -1.885225e+07
0.900000 0.010000 0.100000 50 0.713324 0.720000 0.723219 0.723208 -1.885440e+07 0.715230 0.715220 -1.875269e+07
0.900000 0.025000 0.100000 50 0.718221 0.718095 0.724012 0.724001 -1.873940e+07 0.717664 0.717653 -1.862531e+07
0.900000 0.050000 0.100000 50 0.717201 0.725238 0.724911 0.724900 -1.862710e+07 0.717981 0.717970 -1.851170e+07
0.900000 0.100000 0.100000 50 0.715772 0.723333 0.723589 0.723577 -1.850280e+07 0.715336 0.715325 -1.838441e+07
0.900000 0.500000 0.100000 50 0.705570 0.719048 0.709676 0.709664 -1.823950e+07 0.705073 0.705061 -1.811889e+07
0.900000 0.001000 1.000000 50 0.706386 0.718571 0.722584 0.722572 -1.896750e+07 0.712162 0.712153 -1.885545e+07
0.900000 0.001500 1.000000 50 0.706386 0.718095 0.722584 0.722572 -1.896140e+07 0.712056 0.712047 -1.884915e+07
0.900000 0.010000 1.000000 50 0.709039 0.716667 0.723324 0.723313 -1.886970e+07 0.711739 0.711729 -1.874757e+07
0.900000 0.025000 1.000000 50 0.709243 0.717143 0.723906 0.723894 -1.875640e+07 0.712638 0.712628 -1.862499e+07
0.900000 0.050000 1.000000 50 0.709039 0.717619 0.721737 0.721726 -1.864310e+07 0.711950 0.711941 -1.850830e+07
0.900000 0.100000 1.000000 50 0.710059 0.717143 0.720362 0.720350 -1.852180e+07 0.710258 0.710248 -1.838436e+07
0.900000 0.500000 1.000000 50 0.702714 0.713333 0.708194 0.708183 -1.826270e+07 0.703222 0.703211 -1.812657e+07
