0.500000 0.001000 0.001000 50 0.591217 0.596662 0.605377 0.515609 -9.655150e+05 0.588535 0.504886 -9.597036e+05
0.500000 0.001500 0.001000 50 0.591217 0.595271 0.605532 0.515736 -9.654220e+05 0.590389 0.503490 -9.593187e+05
0.500000 0.010000 0.001000 50 0.590860 0.591099 0.605841 0.515996 -9.635720e+05 0.589617 0.505926 -9.575086e+05
0.500000 0.025000 0.001000 50 0.590503 0.593880 0.607077 0.517065 -9.606950e+05 0.591007 0.507078 -9.547862e+05
0.500000 0.050000 0.001000 50 0.592050 0.598053 0.608776 0.521551 -9.562120e+05 0.590853 0.510046 -9.499319e+05
0.500000 0.100000 0.001000 50 0.593241 0.600834 0.609858 0.522375 -9.476870e+05 0.594407 0.512957 -9.417743e+05
0.500000 0.500000 0.001000 50 0.596216 0.607789 0.611712 0.524060 -9.083960e+05 0.600587 0.511664 -9.021403e+05
0.500000 0.001000 0.010000 50 0.586338 0.596662 0.601205 0.515133 -9.652300e+05 0.580655 0.506727 -9.585791e+05
0.500000 0.001500 0.010000 50 0.586457 0.596662 0.601360 0.515257 -9.651390e+05 0.580810 0.500886 -9.580918e+05
0.500000 0.010000 0.010000 50 0.586457 0.593880 0.601669 0.515504 -9.634090e+05 0.581582 0.501544 -9.565709e+05
0.500000 0.025000 0.010000 50 0.587409 0.591099 0.601514 0.515268 -9.606660e+05 0.582355 0.502387 -9.535494e+05
0.500000 0.050000 0.010000 50 0.589075 0.598053 0.604295 0.520673 -9.560300e+05 0.584981 0.507686 -9.488510e+05
0.500000 0.100000 0.010000 50 0.591217 0.599444 0.607077 0.523088 -9.476240e+05 0.587917 0.509886 -9.406400e+05
0.500000 0.500000 0.010000 50 0.588718 0.589708 0.602287 0.512259 -9.091810e+05 0.588381 0.508996 -9.013563e+05
0.500000 0.001000 0.100000 50 0.620969 0.649513 0.640760 0.565740 -9.637930e+05 0.627472 0.551474 -9.549033e+05
0.500000 0.001500 0.100000 50 0.622278 0.650904 0.641842 0.566674 -9.633300e+05 0.627627 0.551630 -9.548072e+05
0.500000 0.010000 0.100000 50 0.622754 0.653686 0.643541 0.568116 -9.612970e+05 0.628708 0.552567 -9.523832e+05
0.500000 0.025000 0.100000 50 0.623111 0.655076 0.643232 0.567731 -9.579720e+05 0.629172 0.556194 -9.490524e+05
0.500000 0.050000 0.100000 50 0.624420 0.659249 0.643387 0.568157 -9.524560e+05 0.630717 0.557549 -9.437635e+05
0.500000 0.100000 0.100000 50 0.624420 0.663421 0.644932 0.566420 -9.435690e+05 0.634425 0.563782 -9.343499e+05
0.500000 0.500000 0.100000 50 0.620969 0.666203 0.643541 0.556682 -9.064930e+05 0.630408 0.548285 -8.952101e+05
0.500000 0.001000 1.000000 50 0.636082 0.678720 0.666718 0.578417 -9.602030e+05 0.622837 0.605230 -9.461594e+05
0.500000 0.001500 1.000000 50 0.636201 0.677330 0.667027 0.578696 -9.601680e+05 0.623300 0.605669 -9.461190e+05
0.500000 0.010000 1.000000 50 0.641438 0.682893 0.671044 0.582494 -9.592140e+05 0.624227 0.603616 -9.453021e+05
0.500000 0.025000 1.000000 50 0.641319 0.677330 0.669345 0.580636 -9.573320e+05 0.626236 0.602382 -9.427508e+05
0.500000 0.050000 1.000000 50 0.633940 0.671766 0.665791 0.576640 -9.539270e+05 0.630871 0.600556 -9.375748e+05
0.500000 0.100000 1.000000 50 0.687731 0.700974 0.696693 0.595938 -9.477230e+05 0.633344 0.597038 -9.293469e+05
0.500000 0.500000 1.000000 50 0.658812 0.645341 0.663782 0.581912 -9.236540e+05 0.625927 0.581281 -9.009585e+05
