0.050000 0.001000 0.001000 50 0.625361 0.612613 0.627889 0.616137 -3.729660e+06 0.634011 0.621301 -3.697768e+06
0.050000 0.001500 0.001000 50 0.627127 0.614414 0.629864 0.618208 -3.727760e+06 0.634209 0.621514 -3.695850e+06
0.050000 0.010000 0.001000 50 0.634029 0.630631 0.636184 0.624316 -3.711760e+06 0.639147 0.626644 -3.679124e+06
0.050000 0.025000 0.001000 50 0.637400 0.627027 0.641912 0.630024 -3.698830e+06 0.643492 0.630880 -3.666565e+06
0.050000 0.050000 0.001000 50 0.638443 0.637838 0.643887 0.631260 -3.686880e+06 0.648232 0.635369 -3.654013e+06
0.050000 0.100000 0.001000 50 0.638363 0.632432 0.648825 0.636174 -3.672830e+06 0.646257 0.633436 -3.639725e+06
0.050000 0.500000 0.001000 50 0.621348 0.618018 0.620581 0.609326 -3.633860e+06 0.623346 0.610869 -3.599724e+06
0.050000 0.001000 0.010000 50 0.638042 0.648649 0.643887 0.634356 -3.729720e+06 0.645862 0.636110 -3.694237e+06
0.050000 0.001500 0.010000 50 0.638042 0.650450 0.643294 0.633706 -3.727620e+06 0.644677 0.634813 -3.692474e+06
0.050000 0.010000 0.010000 50 0.644864 0.641441 0.648430 0.637823 -3.711820e+06 0.649615 0.639711 -3.676139e+06
0.050000 0.025000 0.010000 50 0.645907 0.648649 0.647442 0.637727 -3.698970e+06 0.650010 0.639989 -3.662970e+06
0.050000 0.050000 0.010000 50 0.642215 0.650450 0.647245 0.637856 -3.687010e+06 0.647837 0.637918 -3.650954e+06
0.050000 0.100000 0.010000 50 0.636356 0.652252 0.646652 0.637376 -3.673310e+06 0.646060 0.636011 -3.636578e+06
0.050000 0.500000 0.010000 50 0.612360 0.628829 0.615050 0.605275 -3.635300e+06 0.618211 0.608025 -3.597376e+06
0.050000 0.001000 0.100000 50 0.636838 0.664865 0.635592 0.626508 -3.731690e+06 0.641714 0.631954 -3.688486e+06
0.050000 0.001500 0.100000 50 0.636918 0.661261 0.636974 0.627892 -3.729860e+06 0.641319 0.631456 -3.686529e+06
0.050000 0.010000 0.100000 50 0.635313 0.659459 0.637369 0.627565 -3.713650e+06 0.640134 0.630267 -3.669250e+06
0.050000 0.025000 0.100000 50 0.635795 0.646847 0.642109 0.632366 -3.701270e+06 0.641517 0.631473 -3.656058e+06
0.050000 0.050000 0.100000 50 0.632343 0.645045 0.639344 0.629233 -3.690200e+06 0.640134 0.629948 -3.644202e+06
0.050000 0.100000 0.100000 50 0.631380 0.637838 0.638159 0.627929 -3.678060e+06 0.637962 0.627235 -3.631835e+06
0.050000 0.500000 0.100000 50 0.611798 0.614414 0.612878 0.602709 -3.643000e+06 0.621568 0.611025 -3.595127e+06
0.050000 0.001000 1.000000 50 0.626565 0.643243 0.628679 0.617657 -3.736020e+06 0.637962 0.624491 -3.666149e+06
0.050000 0.001500 1.000000 50 0.626645 0.641441 0.629469 0.618447 -3.734880e+06 0.638357 0.624977 -3.664964e+06
0.050000 0.010000 1.000000 50 0.630498 0.646847 0.631049 0.620217 -3.725030e+06 0.639344 0.625349 -3.652456e+06
0.050000 0.025000 1.000000 50 0.631862 0.652252 0.638159 0.626825 -3.716400e+06 0.644677 0.630321 -3.643938e+06
0.050000 0.050000 1.000000 50 0.629535 0.639640 0.637172 0.625321 -3.708470e+06 0.641912 0.626780 -3.636277e+06
0.050000 0.100000 1.000000 50 0.623836 0.632432 0.632036 0.619528 -3.699460e+06 0.641122 0.625475 -3.627654e+06
0.050000 0.500000 1.000000 50 0.622953 0.603604 0.610113 0.597315 -3.674660e+06 0.638949 0.622220 -3.604259e+06
