0.005000 0.001000 0.001000 50 0.911738 0.900576 0.914256 0.916843 -3.404790e+06 0.913531 0.916107 -3.376525e+06
0.005000 0.001500 0.001000 50 0.911644 0.900576 0.913853 0.916421 -3.403540e+06 0.913369 0.915957 -3.375813e+06
0.005000 0.010000 0.001000 50 0.911364 0.898415 0.914578 0.917218 -3.392820e+06 0.913933 0.916634 -3.364388e+06
0.005000 0.025000 0.001000 50 0.911270 0.898415 0.914417 0.917127 -3.377290e+06 0.913853 0.916592 -3.349191e+06
0.005000 0.050000 0.001000 50 0.910771 0.896254 0.913531 0.916297 -3.359040e+06 0.913208 0.915994 -3.330019e+06
0.005000 0.100000 0.001000 50 0.910677 0.897695 0.911999 0.914862 -3.334350e+06 0.912725 0.915592 -3.305411e+06
0.005000 0.500000 0.001000 50 0.906339 0.892651 0.907970 0.910698 -3.261710e+06 0.908695 0.911358 -3.230627e+06
0.005000 0.001000 0.010000 50 0.912113 0.900576 0.913772 0.917489 -3.397950e+06 0.914417 0.918127 -3.370757e+06
0.005000 0.001500 0.010000 50 0.911832 0.901297 0.913692 0.917433 -3.397280e+06 0.914256 0.918011 -3.370076e+06
0.005000 0.010000 0.010000 50 0.911551 0.900576 0.913853 0.917607 -3.386290e+06 0.914256 0.918043 -3.358533e+06
0.005000 0.025000 0.010000 50 0.911176 0.899856 0.913772 0.917644 -3.370800e+06 0.913933 0.917777 -3.342732e+06
0.005000 0.050000 0.010000 50 0.910396 0.902017 0.912966 0.916993 -3.351430e+06 0.913692 0.917620 -3.321933e+06
0.005000 0.100000 0.010000 50 0.909585 0.899135 0.912725 0.916805 -3.325330e+06 0.913772 0.917764 -3.295668e+06
0.005000 0.500000 0.010000 50 0.906151 0.895533 0.907325 0.911179 -3.251920e+06 0.908454 0.912267 -3.220287e+06
0.005000 0.001000 0.100000 50 0.916576 0.903458 0.918446 0.922360 -3.403650e+06 0.918849 0.922840 -3.369940e+06
0.005000 0.001500 0.100000 50 0.916825 0.904179 0.918607 0.922510 -3.401910e+06 0.918769 0.922764 -3.369265e+06
0.005000 0.010000 0.100000 50 0.916544 0.904179 0.918688 0.922631 -3.390030e+06 0.916351 0.919472 -3.357485e+06
0.005000 0.025000 0.100000 50 0.912612 0.895533 0.914659 0.917725 -3.374690e+06 0.915142 0.918224 -3.339701e+06
0.005000 0.050000 0.100000 50 0.911239 0.895533 0.912966 0.916074 -3.354580e+06 0.912644 0.915821 -3.319555e+06
0.005000 0.100000 0.100000 50 0.907556 0.891931 0.910549 0.913745 -3.330190e+06 0.909743 0.913014 -3.293901e+06
0.005000 0.500000 0.100000 50 0.896258 0.879683 0.897333 0.900947 -3.263970e+06 0.898541 0.902245 -3.223583e+06
0.005000 0.001000 1.000000 50 0.923629 0.907781 0.922879 0.925297 -3.403040e+06 0.925296 0.927566 -3.337496e+06
0.005000 0.001500 1.000000 50 0.923785 0.908501 0.922395 0.924807 -3.403070e+06 0.925377 0.927641 -3.337302e+06
0.005000 0.010000 1.000000 50 0.923567 0.904899 0.921025 0.923428 -3.399390e+06 0.925699 0.928051 -3.334286e+06
0.005000 0.025000 1.000000 50 0.923660 0.907061 0.921347 0.923823 -3.392640e+06 0.925054 0.927439 -3.321922e+06
0.005000 0.050000 1.000000 50 0.922974 0.907061 0.919575 0.922100 -3.381820e+06 0.923926 0.926360 -3.307618e+06
0.005000 0.100000 1.000000 50 0.919447 0.902738 0.916029 0.918697 -3.366200e+06 0.919333 0.921897 -3.290240e+06
0.005000 0.500000 1.000000 50 0.896008 0.868156 0.883633 0.887698 -3.318520e+06 0.897413 0.901122 -3.239390e+06
