0.010000 0.001000 0.001000 50 0.529808 0.542420 0.532911 0.468191 -9.632740e+05 0.528276 0.461107 -9.576824e+05
0.010000 0.001500 0.001000 50 0.529928 0.542420 0.532911 0.468159 -9.631870e+05 0.528585 0.461358 -9.575959e+05
0.010000 0.010000 0.001000 50 0.529026 0.541029 0.531829 0.470460 -9.614970e+05 0.527812 0.463859 -9.558625e+05
0.010000 0.025000 0.001000 50 0.528726 0.538248 0.531057 0.470062 -9.585280e+05 0.526885 0.463217 -9.530469e+05
0.010000 0.050000 0.001000 50 0.532873 0.536857 0.534147 0.472688 -9.542860e+05 0.528430 0.464687 -9.486011e+05
0.010000 0.100000 0.001000 50 0.534856 0.543811 0.537083 0.472254 -9.461470e+05 0.536619 0.468504 -9.407377e+05
0.010000 0.500000 0.001000 50 0.555889 0.556328 0.557324 0.484022 -9.091620e+05 0.559023 0.491023 -9.024976e+05
0.010000 0.001000 0.010000 50 0.546394 0.547983 0.552070 0.476667 -9.653580e+05 0.550680 0.478900 -9.587845e+05
0.010000 0.001500 0.010000 50 0.545733 0.546592 0.551916 0.476385 -9.649740e+05 0.549289 0.483580 -9.582876e+05
0.010000 0.010000 0.010000 50 0.545553 0.547983 0.553152 0.477587 -9.634770e+05 0.550371 0.481437 -9.567929e+05
0.010000 0.025000 0.010000 50 0.546875 0.545202 0.554079 0.478585 -9.605390e+05 0.550834 0.478719 -9.537907e+05
0.010000 0.050000 0.010000 50 0.544231 0.539638 0.554234 0.473522 -9.558380e+05 0.554234 0.476053 -9.490670e+05
0.010000 0.100000 0.010000 50 0.543089 0.550765 0.555315 0.475089 -9.472070e+05 0.557169 0.476191 -9.404774e+05
0.010000 0.500000 0.010000 50 0.545192 0.559110 0.557633 0.479145 -9.102830e+05 0.558714 0.477512 -9.015657e+05
0.010000 0.001000 0.100000 50 0.600841 0.596662 0.604295 0.524711 -9.635130e+05 0.602596 0.529494 -9.546000e+05
0.010000 0.001500 0.100000 50 0.600841 0.596662 0.604450 0.524899 -9.634210e+05 0.602596 0.529497 -9.545086e+05
0.010000 0.010000 0.100000 50 0.600901 0.598053 0.606304 0.526408 -9.614400e+05 0.603214 0.529702 -9.524367e+05
0.010000 0.025000 0.100000 50 0.601142 0.598053 0.606304 0.532295 -9.578720e+05 0.604913 0.531110 -9.491820e+05
0.010000 0.050000 0.100000 50 0.597476 0.614743 0.602132 0.519604 -9.519520e+05 0.599351 0.522544 -9.429710e+05
0.010000 0.100000 0.100000 50 0.597115 0.617524 0.602132 0.519202 -9.437290e+05 0.602905 0.522798 -9.342238e+05
0.010000 0.500000 0.100000 50 0.585517 0.624478 0.596570 0.509121 -9.103110e+05 0.594098 0.507710 -8.974574e+05
0.010000 0.001000 1.000000 50 0.550541 0.531293 0.550216 0.574998 -9.573910e+05 0.555315 0.579499 -9.437658e+05
0.010000 0.001500 1.000000 50 0.550421 0.531293 0.550216 0.574998 -9.573620e+05 0.555315 0.579499 -9.437244e+05
0.010000 0.010000 1.000000 50 0.550721 0.529903 0.551452 0.569773 -9.564830e+05 0.555779 0.579906 -9.423468e+05
0.010000 0.025000 1.000000 50 0.551683 0.531293 0.552225 0.570482 -9.544060e+05 0.557169 0.581067 -9.389523e+05
0.010000 0.050000 1.000000 50 0.554567 0.539638 0.555779 0.573540 -9.525940e+05 0.557633 0.581306 -9.345718e+05
0.010000 0.100000 1.000000 50 0.557512 0.542420 0.566904 0.576744 -9.472450e+05 0.562114 0.575104 -9.264106e+05
0.010000 0.500000 1.000000 50 0.568570 0.570236 0.581273 0.560618 -9.278050e+05 0.580037 0.567893 -9.011561e+05
