0.700000 0.001000 0.001000 50 0.617367 0.616134 0.622064 0.535721 -9.668490e+05 0.609858 0.525774 -9.606770e+05
0.700000 0.001500 0.001000 50 0.617367 0.616134 0.622064 0.535721 -9.667550e+05 0.610012 0.525901 -9.605840e+05
0.700000 0.010000 0.001000 50 0.618953 0.617524 0.622219 0.535659 -9.649230e+05 0.609703 0.525632 -9.587978e+05
0.700000 0.025000 0.001000 50 0.618358 0.618915 0.620983 0.534632 -9.621110e+05 0.611712 0.524295 -9.558404e+05
0.700000 0.050000 0.001000 50 0.618358 0.618915 0.619747 0.533609 -9.574360e+05 0.611867 0.524440 -9.513256e+05
0.700000 0.100000 0.001000 50 0.616178 0.624478 0.621137 0.534844 -9.487160e+05 0.610939 0.523670 -9.427767e+05
0.700000 0.500000 0.001000 50 0.612807 0.618915 0.622219 0.538689 -9.084180e+05 0.612948 0.530856 -9.022178e+05
0.700000 0.001000 0.010000 50 0.613600 0.616134 0.618511 0.534432 -9.670620e+05 0.597651 0.522370 -9.599512e+05
0.700000 0.001500 0.010000 50 0.613402 0.616134 0.618511 0.534432 -9.669690e+05 0.600124 0.521558 -9.595202e+05
0.700000 0.010000 0.010000 50 0.615583 0.617524 0.619129 0.534953 -9.652300e+05 0.600433 0.521933 -9.579605e+05
0.700000 0.025000 0.010000 50 0.615583 0.620306 0.620056 0.535890 -9.624120e+05 0.601514 0.523052 -9.549158e+05
0.700000 0.050000 0.010000 50 0.616178 0.614743 0.620056 0.533000 -9.576300e+05 0.601514 0.520153 -9.501178e+05
0.700000 0.100000 0.010000 50 0.618953 0.611961 0.621446 0.528382 -9.488810e+05 0.603523 0.522478 -9.416338e+05
0.700000 0.500000 0.010000 50 0.615583 0.635605 0.619438 0.526618 -9.093810e+05 0.604759 0.523130 -9.012925e+05
0.700000 0.001000 0.100000 50 0.645519 0.678720 0.657447 0.577443 -9.648680e+05 0.643387 0.568322 -9.560073e+05
0.700000 0.001500 0.100000 50 0.645519 0.678720 0.657602 0.577566 -9.647670e+05 0.643232 0.568199 -9.559112e+05
0.700000 0.010000 0.100000 50 0.645123 0.674548 0.658684 0.578444 -9.627240e+05 0.644932 0.569462 -9.535190e+05
0.700000 0.025000 0.100000 50 0.645321 0.677330 0.658993 0.578724 -9.590580e+05 0.645550 0.569995 -9.501991e+05
0.700000 0.050000 0.100000 50 0.645718 0.673157 0.660383 0.579726 -9.537640e+05 0.646014 0.576441 -9.448935e+05
0.700000 0.100000 0.100000 50 0.646312 0.675939 0.658993 0.578542 -9.447560e+05 0.649104 0.578990 -9.354314e+05
0.700000 0.500000 0.100000 50 0.646907 0.674548 0.657447 0.565259 -9.064800e+05 0.644005 0.560015 -8.953999e+05
0.700000 0.001000 1.000000 50 0.715504 0.728790 0.719870 0.611071 -9.610700e+05 0.638288 0.585506 -9.486290e+05
0.700000 0.001500 1.000000 50 0.715504 0.728790 0.719716 0.610943 -9.610310e+05 0.638288 0.585506 -9.485848e+05
0.700000 0.010000 1.000000 50 0.718081 0.731572 0.720334 0.611284 -9.600810e+05 0.636434 0.586525 -9.471285e+05
0.700000 0.025000 1.000000 50 0.718676 0.730181 0.718016 0.608989 -9.581320e+05 0.638597 0.594573 -9.445323e+05
0.700000 0.050000 1.000000 50 0.717090 0.724618 0.717707 0.611760 -9.547130e+05 0.645859 0.598718 -9.399379e+05
0.700000 0.100000 1.000000 50 0.707772 0.707928 0.711218 0.609064 -9.488230e+05 0.653894 0.606833 -9.311535e+05
0.700000 0.500000 1.000000 50 0.670896 0.662031 0.676607 0.590358 -9.239910e+05 0.649104 0.591481 -9.015704e+05
