0.050000 0.001000 0.001000 50 0.680415 0.684286 0.682749 0.682742 -1.892540e+07 0.684124 0.684117 -1.887798e+07
0.050000 0.001500 0.001000 50 0.680501 0.684762 0.682907 0.682901 -1.891990e+07 0.684177 0.684170 -1.887242e+07
0.050000 0.010000 0.001000 50 0.681038 0.683333 0.683013 0.683007 -1.883570e+07 0.684177 0.684170 -1.878523e+07
0.050000 0.025000 0.001000 50 0.681575 0.682857 0.684547 0.684541 -1.873450e+07 0.685711 0.685705 -1.868216e+07
0.050000 0.050000 0.001000 50 0.681704 0.687143 0.686187 0.686181 -1.862830e+07 0.686928 0.686921 -1.857347e+07
0.050000 0.100000 0.001000 50 0.683036 0.686667 0.687351 0.687345 -1.850470e+07 0.687722 0.687715 -1.844816e+07
0.050000 0.500000 0.001000 50 0.679513 0.667619 0.680686 0.680679 -1.822340e+07 0.681268 0.681260 -1.816292e+07
0.050000 0.001000 0.010000 50 0.678009 0.688095 0.682696 0.682691 -1.892860e+07 0.682855 0.682849 -1.887330e+07
0.050000 0.001500 0.010000 50 0.678052 0.689048 0.682749 0.682744 -1.892270e+07 0.682960 0.682955 -1.886735e+07
0.050000 0.010000 0.010000 50 0.678009 0.688571 0.682431 0.682426 -1.883160e+07 0.683860 0.683854 -1.877744e+07
0.050000 0.025000 0.010000 50 0.679706 0.691905 0.684230 0.684224 -1.872470e+07 0.686240 0.686235 -1.866781e+07
0.050000 0.050000 0.010000 50 0.680651 0.689524 0.687034 0.687028 -1.861510e+07 0.687774 0.687769 -1.855533e+07
0.050000 0.100000 0.010000 50 0.682305 0.687619 0.688039 0.688033 -1.849050e+07 0.689097 0.689091 -1.842786e+07
0.050000 0.500000 0.010000 50 0.676634 0.680000 0.680897 0.680890 -1.821370e+07 0.680791 0.680784 -1.814476e+07
0.050000 0.001000 0.100000 50 0.680394 0.689524 0.684547 0.684541 -1.893050e+07 0.685129 0.685122 -1.886781e+07
0.050000 0.001500 0.100000 50 0.680415 0.690000 0.684706 0.684699 -1.892460e+07 0.685394 0.685387 -1.886198e+07
0.050000 0.010000 0.100000 50 0.681597 0.690476 0.685817 0.685810 -1.883130e+07 0.686399 0.686392 -1.876612e+07
0.050000 0.025000 0.100000 50 0.683487 0.690952 0.688251 0.688243 -1.872420e+07 0.688462 0.688454 -1.865498e+07
0.050000 0.050000 0.100000 50 0.685184 0.696667 0.690631 0.690623 -1.861610e+07 0.690631 0.690623 -1.854260e+07
0.050000 0.100000 0.100000 50 0.688406 0.700476 0.693594 0.693585 -1.849380e+07 0.693382 0.693373 -1.841665e+07
0.050000 0.500000 0.100000 50 0.681854 0.691429 0.689520 0.689510 -1.821560e+07 0.689996 0.689987 -1.813202e+07
0.050000 0.001000 1.000000 50 0.684196 0.682857 0.687034 0.687027 -1.892940e+07 0.688780 0.688773 -1.882265e+07
0.050000 0.001500 1.000000 50 0.684239 0.682381 0.687140 0.687133 -1.892300e+07 0.689626 0.689619 -1.881572e+07
0.050000 0.010000 1.000000 50 0.688535 0.688571 0.690843 0.690836 -1.882720e+07 0.692694 0.692687 -1.871204e+07
0.050000 0.025000 1.000000 50 0.693132 0.693333 0.694599 0.694590 -1.872360e+07 0.696133 0.696125 -1.859474e+07
0.050000 0.050000 1.000000 50 0.697558 0.698571 0.700682 0.700673 -1.863060e+07 0.700206 0.700197 -1.848652e+07
0.050000 0.100000 1.000000 50 0.701274 0.698571 0.703010 0.702999 -1.851990e+07 0.703380 0.703370 -1.837245e+07
0.050000 0.500000 1.000000 50 0.699985 0.694762 0.703857 0.703844 -1.827190e+07 0.705708 0.705696 -1.812285e+07
