0.100000 0.001000 0.001000 50 0.914122 0.904179 0.917802 0.920130 -3.404340e+06 0.916835 0.919252 -3.375892e+06
0.100000 0.001500 0.001000 50 0.913984 0.904899 0.917802 0.920149 -3.403620e+06 0.916754 0.919176 -3.375163e+06
0.100000 0.010000 0.001000 50 0.913846 0.904899 0.918043 0.920468 -3.392170e+06 0.916754 0.919221 -3.363607e+06
0.100000 0.025000 0.001000 50 0.913950 0.903458 0.917479 0.919945 -3.376500e+06 0.916996 0.919513 -3.348235e+06
0.100000 0.050000 0.001000 50 0.913501 0.899856 0.917640 0.920162 -3.358200e+06 0.917076 0.919646 -3.329688e+06
0.100000 0.100000 0.001000 50 0.913432 0.899135 0.916351 0.918896 -3.334050e+06 0.916190 0.918843 -3.304545e+06
0.100000 0.500000 0.001000 50 0.911327 0.899856 0.914175 0.916495 -3.261500e+06 0.914175 0.916476 -3.230281e+06
0.100000 0.001000 0.010000 50 0.913432 0.905620 0.918688 0.922262 -3.397760e+06 0.917640 0.921250 -3.370806e+06
0.100000 0.001500 0.010000 50 0.913432 0.905620 0.918688 0.922262 -3.397060e+06 0.917721 0.921327 -3.370090e+06
0.100000 0.010000 0.010000 50 0.913294 0.906340 0.918124 0.921743 -3.385680e+06 0.916754 0.920500 -3.358061e+06
0.100000 0.025000 0.010000 50 0.913052 0.904899 0.917963 0.921590 -3.369770e+06 0.917157 0.920906 -3.341879e+06
0.100000 0.050000 0.010000 50 0.913018 0.903458 0.917157 0.920842 -3.349640e+06 0.917237 0.921028 -3.320913e+06
0.100000 0.100000 0.010000 50 0.913259 0.904899 0.917237 0.920974 -3.324020e+06 0.917721 0.921530 -3.294557e+06
0.100000 0.500000 0.010000 50 0.911362 0.903458 0.914659 0.918326 -3.250900e+06 0.914175 0.917959 -3.219300e+06
0.100000 0.001000 0.100000 50 0.920402 0.908501 0.923443 0.926824 -3.402990e+06 0.923443 0.926930 -3.369254e+06
0.100000 0.001500 0.100000 50 0.920367 0.908501 0.923443 0.926824 -3.402260e+06 0.923523 0.927016 -3.368522e+06
0.100000 0.010000 0.100000 50 0.920712 0.909222 0.923765 0.927173 -3.389510e+06 0.923523 0.927074 -3.355471e+06
0.100000 0.025000 0.100000 50 0.919953 0.911383 0.923604 0.927066 -3.372340e+06 0.923443 0.927101 -3.338684e+06
0.100000 0.050000 0.100000 50 0.919194 0.907781 0.922476 0.926045 -3.353430e+06 0.923523 0.927220 -3.317592e+06
0.100000 0.100000 0.100000 50 0.916192 0.904899 0.919575 0.922231 -3.329170e+06 0.919977 0.922630 -3.291837e+06
0.100000 0.500000 0.100000 50 0.914502 0.899135 0.916270 0.918901 -3.261850e+06 0.918366 0.920883 -3.221412e+06
0.100000 0.001000 1.000000 50 0.931960 0.918588 0.928923 0.931976 -3.402440e+06 0.932630 0.935701 -3.340078e+06
0.100000 0.001500 1.000000 50 0.931995 0.918588 0.929003 0.932018 -3.401910e+06 0.932630 0.935701 -3.339708e+06
0.100000 0.010000 1.000000 50 0.932029 0.917147 0.929406 0.932414 -3.396080e+06 0.932146 0.935274 -3.329488e+06
0.100000 0.025000 1.000000 50 0.932064 0.919308 0.929890 0.932933 -3.386470e+06 0.929164 0.931352 -3.317434e+06
0.100000 0.050000 1.000000 50 0.928510 0.915706 0.926021 0.928131 -3.375020e+06 0.928278 0.930475 -3.301632e+06
0.100000 0.100000 1.000000 50 0.928303 0.914986 0.925619 0.927815 -3.358950e+06 0.928358 0.930571 -3.283292e+06
0.100000 0.500000 1.000000 50 0.921678 0.894813 0.913853 0.916489 -3.312930e+06 0.921025 0.923708 -3.236187e+06
