0.200000 0.001000 0.001000 50 0.910097 0.902017 0.916996 0.920460 -3.408380e+06 0.914498 0.918134 -3.379872e+06
0.200000 0.001500 0.001000 50 0.910097 0.902017 0.917157 0.920648 -3.407670e+06 0.914578 0.918220 -3.379153e+06
0.200000 0.010000 0.001000 50 0.913086 0.902738 0.920058 0.923395 -3.396700e+06 0.914739 0.918422 -3.367813e+06
0.200000 0.025000 0.001000 50 0.917123 0.907061 0.924168 0.927307 -3.381460e+06 0.921589 0.924824 -3.353220e+06
0.200000 0.050000 0.001000 50 0.916929 0.907061 0.923120 0.926241 -3.363360e+06 0.921267 0.924524 -3.334924e+06
0.200000 0.100000 0.001000 50 0.916114 0.905620 0.921509 0.924574 -3.339060e+06 0.920380 0.923651 -3.309733e+06
0.200000 0.500000 0.001000 50 0.913940 0.897695 0.917882 0.920401 -3.265250e+06 0.917560 0.920084 -3.234580e+06
0.200000 0.001000 0.010000 50 0.922635 0.916427 0.924490 0.927764 -3.397450e+06 0.924651 0.927934 -3.370686e+06
0.200000 0.001500 0.010000 50 0.922596 0.917147 0.924490 0.927764 -3.396720e+06 0.924732 0.928009 -3.369941e+06
0.200000 0.010000 0.010000 50 0.922790 0.917147 0.924329 0.927617 -3.385390e+06 0.924571 0.927883 -3.358531e+06
0.200000 0.025000 0.010000 50 0.922829 0.916427 0.924490 0.927784 -3.368780e+06 0.923926 0.927253 -3.341207e+06
0.200000 0.050000 0.010000 50 0.922907 0.917147 0.925054 0.928348 -3.349080e+06 0.924410 0.927745 -3.320934e+06
0.200000 0.100000 0.010000 50 0.922324 0.916427 0.924893 0.928226 -3.323180e+06 0.925216 0.928500 -3.294287e+06
0.200000 0.500000 0.010000 50 0.922053 0.914986 0.924813 0.927885 -3.248450e+06 0.924974 0.928176 -3.217453e+06
0.200000 0.001000 0.100000 50 0.912814 0.905620 0.916673 0.920257 -3.405250e+06 0.916270 0.920041 -3.371593e+06
0.200000 0.001500 0.100000 50 0.912775 0.905620 0.916512 0.920105 -3.404530e+06 0.916351 0.920125 -3.370853e+06
0.200000 0.010000 0.100000 50 0.913241 0.907061 0.916512 0.920107 -3.391150e+06 0.916351 0.920157 -3.358084e+06
0.200000 0.025000 0.100000 50 0.913202 0.907781 0.916673 0.920367 -3.375210e+06 0.916432 0.920299 -3.341467e+06
0.200000 0.050000 0.100000 50 0.912814 0.907061 0.916029 0.919841 -3.356200e+06 0.915706 0.919673 -3.320464e+06
0.200000 0.100000 0.100000 50 0.914794 0.909942 0.917721 0.921470 -3.331930e+06 0.915384 0.919368 -3.295157e+06
0.200000 0.500000 0.100000 50 0.921276 0.907781 0.922395 0.925432 -3.264860e+06 0.923281 0.926315 -3.224426e+06
0.200000 0.001000 1.000000 50 0.936726 0.922190 0.932388 0.934891 -3.400980e+06 0.935853 0.938513 -3.339539e+06
0.200000 0.001500 1.000000 50 0.936726 0.922190 0.932388 0.934891 -3.400640e+06 0.935853 0.938513 -3.339134e+06
0.200000 0.010000 1.000000 50 0.936416 0.921470 0.931985 0.934483 -3.396360e+06 0.935853 0.938576 -3.331107e+06
0.200000 0.025000 1.000000 50 0.936687 0.918588 0.932791 0.935323 -3.386690e+06 0.935047 0.937875 -3.317860e+06
0.200000 0.050000 1.000000 50 0.935600 0.920749 0.932630 0.935341 -3.375470e+06 0.934483 0.937373 -3.305020e+06
0.200000 0.100000 1.000000 50 0.934669 0.920029 0.931501 0.934317 -3.359830e+06 0.933758 0.936720 -3.286637e+06
0.200000 0.500000 1.000000 50 0.926594 0.902017 0.919333 0.922520 -3.309390e+06 0.926183 0.929696 -3.236440e+06
