0.500000 0.001000 0.001000 50 0.691074 0.693333 0.695022 0.695015 -1.895090e+07 0.691425 0.691418 -1.889883e+07
0.500000 0.001500 0.001000 50 0.691278 0.692857 0.695128 0.695121 -1.894530e+07 0.691478 0.691471 -1.889314e+07
0.500000 0.010000 0.001000 50 0.691808 0.695238 0.696292 0.696284 -1.886080e+07 0.692112 0.692106 -1.880785e+07
0.500000 0.025000 0.001000 50 0.692910 0.697143 0.697667 0.697660 -1.875350e+07 0.692959 0.692952 -1.869722e+07
0.500000 0.050000 0.001000 50 0.692584 0.700000 0.696979 0.696972 -1.864260e+07 0.693435 0.693428 -1.858539e+07
0.500000 0.100000 0.001000 50 0.693359 0.701429 0.697138 0.697130 -1.851500e+07 0.694810 0.694802 -1.845760e+07
0.500000 0.500000 0.001000 50 0.685645 0.691905 0.688515 0.688506 -1.823040e+07 0.685500 0.685491 -1.817342e+07
0.500000 0.001000 0.010000 50 0.694217 0.697143 0.698461 0.698453 -1.894560e+07 0.694863 0.694856 -1.889072e+07
0.500000 0.001500 0.010000 50 0.694053 0.697143 0.698143 0.698136 -1.893980e+07 0.695022 0.695015 -1.888488e+07
0.500000 0.010000 0.010000 50 0.694788 0.699048 0.699360 0.699353 -1.885270e+07 0.695128 0.695121 -1.879692e+07
0.500000 0.025000 0.010000 50 0.696951 0.702857 0.700259 0.700252 -1.874430e+07 0.696715 0.696708 -1.868020e+07
0.500000 0.050000 0.010000 50 0.696543 0.704762 0.700577 0.700569 -1.863020e+07 0.697191 0.697183 -1.856437e+07
0.500000 0.100000 0.010000 50 0.696257 0.706190 0.700894 0.700885 -1.850020e+07 0.697826 0.697818 -1.843315e+07
0.500000 0.500000 0.010000 50 0.689319 0.697143 0.691530 0.691521 -1.821480e+07 0.689309 0.689299 -1.814954e+07
0.500000 0.001000 0.100000 50 0.697604 0.701429 0.702375 0.702368 -1.894760e+07 0.698619 0.698612 -1.887721e+07
0.500000 0.001500 0.100000 50 0.697808 0.702381 0.702693 0.702685 -1.893830e+07 0.698884 0.698876 -1.887136e+07
0.500000 0.010000 0.100000 50 0.700094 0.704286 0.704174 0.704166 -1.884930e+07 0.700048 0.700040 -1.878123e+07
0.500000 0.025000 0.100000 50 0.701686 0.706190 0.704386 0.704377 -1.873590e+07 0.701000 0.700992 -1.866746e+07
0.500000 0.050000 0.100000 50 0.701441 0.705714 0.705126 0.705118 -1.862280e+07 0.701688 0.701680 -1.854586e+07
0.500000 0.100000 0.100000 50 0.701196 0.704762 0.706025 0.706017 -1.849480e+07 0.702005 0.701997 -1.841575e+07
0.500000 0.500000 0.100000 50 0.695278 0.702857 0.699095 0.699086 -1.821910e+07 0.697138 0.697129 -1.813269e+07
0.500000 0.001000 1.000000 50 0.699767 0.707143 0.708036 0.708028 -1.894480e+07 0.700577 0.700569 -1.883872e+07
0.500000 0.001500 1.000000 50 0.699767 0.707619 0.707983 0.707975 -1.893840e+07 0.700682 0.700675 -1.883224e+07
0.500000 0.010000 1.000000 50 0.701033 0.710952 0.708882 0.708874 -1.884280e+07 0.702058 0.702050 -1.872802e+07
0.500000 0.025000 1.000000 50 0.703237 0.707143 0.713432 0.713422 -1.872920e+07 0.706078 0.706070 -1.860381e+07
0.500000 0.050000 1.000000 50 0.705726 0.713333 0.715865 0.715855 -1.861700e+07 0.710575 0.710566 -1.848243e+07
0.500000 0.100000 1.000000 50 0.708053 0.716667 0.717346 0.717336 -1.850130e+07 0.712056 0.712046 -1.836531e+07
0.500000 0.500000 1.000000 50 0.703318 0.703333 0.707242 0.707231 -1.824720e+07 0.705179 0.705169 -1.810447e+07
