0.500000 0.001000 0.001000 50 0.674748 0.673874 0.694647 0.684292 -3.728650e+06 0.677859 0.666731 -3.697914e+06
0.500000 0.001500 0.001000 50 0.676121 0.673874 0.694055 0.683680 -3.726820e+06 0.679242 0.668015 -3.695580e+06
0.500000 0.010000 0.001000 50 0.682678 0.682883 0.694845 0.683876 -3.710940e+06 0.682994 0.671341 -3.679135e+06
0.500000 0.025000 0.001000 50 0.684050 0.684685 0.696030 0.685014 -3.698180e+06 0.684377 0.672805 0.000000e+00
0.500000 0.050000 0.001000 50 0.685575 0.682883 0.693265 0.681761 -3.686130e+06 0.683784 0.672000 -3.654024e+06
0.500000 0.100000 0.001000 50 0.687862 0.675676 0.689907 0.678093 -3.671690e+06 0.683587 0.671445 -3.639523e+06
0.500000 0.500000 0.001000 50 0.684050 0.668468 0.675686 0.664099 -3.631940e+06 0.676674 0.664421 -3.598454e+06
0.500000 0.001000 0.010000 50 0.692894 0.708108 0.706498 0.697081 -3.725660e+06 0.696228 0.687057 -3.691317e+06
0.500000 0.001500 0.010000 50 0.693047 0.708108 0.705511 0.695917 -3.723750e+06 0.696820 0.687793 -3.689323e+06
0.500000 0.010000 0.010000 50 0.692437 0.700901 0.707288 0.697579 -3.707300e+06 0.700573 0.690499 -3.671894e+06
0.500000 0.025000 0.010000 50 0.692589 0.699099 0.707881 0.697835 -3.694550e+06 0.700573 0.690171 -3.658503e+06
0.500000 0.050000 0.010000 50 0.691369 0.700901 0.709461 0.698872 -3.682520e+06 0.702943 0.692081 -3.646092e+06
0.500000 0.100000 0.010000 50 0.688320 0.695495 0.708473 0.697484 -3.668530e+06 0.702153 0.690522 -3.631345e+06
0.500000 0.500000 0.010000 50 0.671089 0.693694 0.696820 0.684945 -3.630780e+06 0.692870 0.680358 -3.592338e+06
0.500000 0.001000 0.100000 50 0.682983 0.704505 0.696425 0.687015 -3.730380e+06 0.687142 0.677309 -3.690385e+06
0.500000 0.001500 0.100000 50 0.682373 0.706306 0.697018 0.687497 -3.728630e+06 0.687340 0.677520 -3.688466e+06
0.500000 0.010000 0.100000 50 0.683440 0.711712 0.700770 0.690989 -3.712810e+06 0.689907 0.679886 -3.669382e+06
0.500000 0.025000 0.100000 50 0.683440 0.711712 0.698400 0.689004 -3.699090e+06 0.690105 0.680024 -3.654662e+06
0.500000 0.050000 0.100000 50 0.681915 0.708108 0.698005 0.688749 -3.686850e+06 0.689117 0.678966 -3.642737e+06
0.500000 0.100000 0.100000 50 0.676121 0.699099 0.694252 0.684912 -3.673750e+06 0.687537 0.677394 -3.628061e+06
0.500000 0.500000 0.100000 50 0.664684 0.682883 0.669563 0.659413 -3.639140e+06 0.667983 0.657714 -3.591295e+06
0.500000 0.001000 1.000000 50 0.666362 0.690090 0.685562 0.676369 -3.735890e+06 0.666206 0.654023 -3.663918e+06
0.500000 0.001500 1.000000 50 0.666057 0.691892 0.684969 0.675822 -3.734750e+06 0.666601 0.654237 -3.662947e+06
0.500000 0.010000 1.000000 50 0.668039 0.699099 0.688327 0.678714 -3.723550e+06 0.668181 0.655170 -3.651620e+06
0.500000 0.025000 1.000000 50 0.666362 0.691892 0.689315 0.679559 -3.713540e+06 0.673514 0.660071 -3.642399e+06
0.500000 0.050000 1.000000 50 0.662550 0.695495 0.681809 0.671452 -3.706590e+06 0.671736 0.657733 -3.636080e+06
0.500000 0.100000 1.000000 50 0.663464 0.677477 0.678452 0.667654 -3.697330e+06 0.670156 0.656060 -3.627459e+06
0.500000 0.500000 1.000000 50 0.659500 0.636036 0.649022 0.638147 -3.672170e+06 0.672921 0.658336 -3.604647e+06
