0.100000 0.001000 0.001000 50 0.545977 0.552156 0.553461 0.491002 -9.632300e+05 0.552998 0.490699 -9.578430e+05
0.100000 0.001500 0.001000 50 0.545911 0.552156 0.553770 0.491254 -9.631430e+05 0.548362 0.489861 -9.574454e+05
0.100000 0.010000 0.001000 50 0.544655 0.550765 0.554234 0.488537 -9.614730e+05 0.547744 0.489304 -9.557110e+05
0.100000 0.025000 0.001000 50 0.544259 0.550765 0.554543 0.488993 -9.586990e+05 0.550834 0.488805 -9.531146e+05
0.100000 0.050000 0.001000 50 0.544721 0.554937 0.554697 0.488905 -9.542890e+05 0.551761 0.489532 -9.486761e+05
0.100000 0.100000 0.001000 50 0.550076 0.557719 0.559796 0.492893 -9.463010e+05 0.554697 0.491770 -9.406572e+05
0.100000 0.500000 0.001000 50 0.565281 0.561892 0.574011 0.501612 -9.088560e+05 0.569839 0.492110 -9.023674e+05
0.100000 0.001000 0.010000 50 0.559000 0.549374 0.567213 0.502813 -9.633540e+05 0.565049 0.498310 -9.566873e+05
0.100000 0.001500 0.010000 50 0.559331 0.549374 0.567058 0.502658 -9.632650e+05 0.565049 0.498310 -9.566000e+05
0.100000 0.010000 0.010000 50 0.559397 0.547983 0.567367 0.502850 -9.615570e+05 0.565049 0.498280 -9.547730e+05
0.100000 0.025000 0.010000 50 0.560653 0.550765 0.569685 0.504835 -9.589150e+05 0.566286 0.499242 -9.521475e+05
0.100000 0.050000 0.010000 50 0.561711 0.550765 0.571075 0.505952 -9.544450e+05 0.569530 0.501739 -9.475608e+05
0.100000 0.100000 0.010000 50 0.564686 0.563282 0.575556 0.509590 -9.465870e+05 0.572466 0.504126 -9.396014e+05
0.100000 0.500000 0.010000 50 0.570701 0.575800 0.580810 0.513189 -9.098930e+05 0.582818 0.514891 -9.014189e+05
0.100000 0.001000 0.100000 50 0.592781 0.600834 0.601978 0.519653 -9.621740e+05 0.591625 0.507917 -9.530974e+05
0.100000 0.001500 0.100000 50 0.591261 0.598053 0.600278 0.518131 -9.616510e+05 0.591625 0.507919 -9.524981e+05
0.100000 0.010000 0.100000 50 0.591856 0.598053 0.601514 0.519201 -9.596660e+05 0.591780 0.508130 -9.504759e+05
0.100000 0.025000 0.100000 50 0.595029 0.606398 0.604913 0.522097 -9.564410e+05 0.593016 0.509325 -9.472966e+05
0.100000 0.050000 0.100000 50 0.594963 0.609179 0.608622 0.522244 -9.513260e+05 0.599042 0.517442 -9.426009e+05
0.100000 0.100000 0.100000 50 0.593376 0.614743 0.607386 0.524011 -9.424710e+05 0.604450 0.528173 -9.330965e+05
0.100000 0.500000 0.100000 50 0.596549 0.638387 0.612794 0.533547 -9.080650e+05 0.609240 0.527434 -8.958848e+05
0.100000 0.001000 1.000000 50 0.572552 0.575800 0.573857 0.575626 -9.575940e+05 0.570766 0.570657 -9.438063e+05
0.100000 0.001500 1.000000 50 0.573015 0.573018 0.573702 0.575532 -9.573640e+05 0.570766 0.570657 -9.437713e+05
0.100000 0.010000 1.000000 50 0.574866 0.573018 0.574784 0.573630 -9.565450e+05 0.572775 0.566496 -9.430263e+05
0.100000 0.025000 1.000000 50 0.577577 0.581363 0.577410 0.576270 -9.549750e+05 0.577410 0.574012 -9.400338e+05
0.100000 0.050000 1.000000 50 0.641832 0.646732 0.640142 0.554989 -9.507230e+05 0.600587 0.579631 -9.342354e+05
0.100000 0.100000 1.000000 50 0.646262 0.649513 0.648486 0.559469 -9.455320e+05 0.632262 0.575699 -9.267252e+05
0.100000 0.500000 1.000000 50 0.609771 0.591099 0.600433 0.564018 -9.250850e+05 0.591471 0.561549 -8.999332e+05
