0.700000 0.001000 0.001000 50 0.689244 0.697297 0.696623 0.688430 -3.728860e+06 0.687340 0.679602 -3.697422e+06
0.700000 0.001500 0.001000 50 0.691020 0.699099 0.696228 0.687968 -3.727020e+06 0.686944 0.679085 -3.695623e+06
0.700000 0.010000 0.001000 50 0.691781 0.709910 0.699980 0.691329 -3.711840e+06 0.688920 0.680484 -3.679569e+06
0.700000 0.025000 0.001000 50 0.687976 0.711712 0.700178 0.691091 -3.698910e+06 0.691685 0.682861 -3.666443e+06
0.700000 0.050000 0.001000 50 0.689498 0.706306 0.698400 0.688595 -3.686290e+06 0.692475 0.683073 -3.653749e+06
0.700000 0.100000 0.001000 50 0.686961 0.691892 0.697018 0.686946 -3.671520e+06 0.689710 0.679555 -3.638857e+06
0.700000 0.500000 0.001000 50 0.678590 0.688288 0.684574 0.674288 -3.631590e+06 0.680032 0.669161 -3.597869e+06
0.700000 0.001000 0.010000 50 0.689498 0.711712 0.706893 0.698623 -3.727320e+06 0.694450 0.685639 -3.692819e+06
0.700000 0.001500 0.010000 50 0.689244 0.709910 0.709066 0.700797 -3.725460e+06 0.696030 0.687022 -3.690940e+06
0.700000 0.010000 0.010000 50 0.690766 0.718919 0.712028 0.702736 -3.708660e+06 0.700573 0.690676 -3.673639e+06
0.700000 0.025000 0.010000 50 0.690766 0.715315 0.712226 0.702283 -3.695510e+06 0.697610 0.687302 -3.659998e+06
0.700000 0.050000 0.010000 50 0.693303 0.709910 0.707683 0.697452 -3.682650e+06 0.696030 0.685225 -3.646887e+06
0.700000 0.100000 0.010000 50 0.695586 0.713514 0.708868 0.698514 -3.667880e+06 0.698795 0.687267 -3.631700e+06
0.700000 0.500000 0.010000 50 0.691273 0.682883 0.697808 0.687258 -3.629000e+06 0.692277 0.680216 -3.591437e+06
0.700000 0.001000 0.100000 50 0.728311 0.749550 0.747580 0.738335 -3.729370e+06 0.728422 0.719181 -3.687006e+06
0.700000 0.001500 0.100000 50 0.728818 0.742342 0.747580 0.738369 -3.727490e+06 0.728027 0.718769 -3.685060e+06
0.700000 0.010000 0.100000 50 0.729072 0.742342 0.749358 0.739534 -3.711010e+06 0.729212 0.719387 -3.667648e+06
0.700000 0.025000 0.100000 50 0.726281 0.740541 0.747778 0.737731 -3.698110e+06 0.730595 0.720663 -3.653944e+06
0.700000 0.050000 0.100000 50 0.724252 0.742342 0.742643 0.732234 -3.685710e+06 0.727434 0.716903 -3.641020e+06
0.700000 0.100000 0.100000 50 0.719432 0.733333 0.737310 0.726420 -3.671650e+06 0.727632 0.716200 -3.625765e+06
0.700000 0.500000 0.100000 50 0.700660 0.702703 0.721509 0.710841 -3.635430e+06 0.714596 0.702631 -3.588262e+06
0.700000 0.001000 1.000000 50 0.715627 0.753153 0.734742 0.726547 -3.737540e+06 0.718941 0.707352 -3.665452e+06
0.700000 0.001500 1.000000 50 0.715119 0.754955 0.736322 0.728087 -3.736520e+06 0.722102 0.710407 -3.663908e+06
0.700000 0.010000 1.000000 50 0.721969 0.762162 0.738495 0.730354 -3.726910e+06 0.726447 0.715033 -3.653211e+06
0.700000 0.025000 1.000000 50 0.724505 0.760360 0.742050 0.733467 -3.716170e+06 0.731977 0.720076 -3.639524e+06
0.700000 0.050000 1.000000 50 0.720700 0.763964 0.737112 0.728170 -3.707090e+06 0.730002 0.717855 -3.630588e+06
0.700000 0.100000 1.000000 50 0.722983 0.756757 0.733360 0.724047 -3.697340e+06 0.723682 0.710514 -3.622187e+06
0.700000 0.500000 1.000000 50 0.712075 0.708108 0.705906 0.693904 -3.672630e+06 0.712423 0.698273 -3.597935e+06
