0.010000 0.001000 0.001000 50 0.909379 0.896974 0.911113 0.913424 -3.404110e+06 0.909743 0.911855 -3.375723e+06
0.010000 0.001500 0.001000 50 0.910194 0.898415 0.911999 0.914379 -3.403500e+06 0.910065 0.912219 -3.375030e+06
0.010000 0.010000 0.001000 50 0.911261 0.899856 0.914578 0.917104 -3.392360e+06 0.912483 0.914911 -3.363823e+06
0.010000 0.025000 0.001000 50 0.911481 0.897695 0.914336 0.916971 -3.376870e+06 0.913450 0.916038 -3.348684e+06
0.010000 0.050000 0.001000 50 0.911136 0.893372 0.913853 0.916506 -3.358580e+06 0.913047 0.915676 -3.329533e+06
0.010000 0.100000 0.001000 50 0.910289 0.893372 0.911758 0.914511 -3.333900e+06 0.912483 0.915121 -3.304888e+06
0.010000 0.500000 0.001000 50 0.908281 0.889049 0.909018 0.911288 -3.261260e+06 0.911435 0.913665 -3.230244e+06
0.010000 0.001000 0.010000 50 0.913457 0.904899 0.917237 0.920858 -3.397590e+06 0.916432 0.920113 -3.370244e+06
0.010000 0.001500 0.010000 50 0.913457 0.904899 0.917399 0.921020 -3.396900e+06 0.916432 0.920113 -3.369541e+06
0.010000 0.010000 0.010000 50 0.913676 0.904899 0.917076 0.920772 -3.386160e+06 0.916512 0.920250 -3.358648e+06
0.010000 0.025000 0.010000 50 0.913645 0.906340 0.916915 0.920638 -3.370020e+06 0.916351 0.920167 -3.341855e+06
0.010000 0.050000 0.010000 50 0.914084 0.904179 0.917076 0.920814 -3.350520e+06 0.916673 0.920487 -3.321897e+06
0.010000 0.100000 0.010000 50 0.913676 0.903458 0.916029 0.919871 -3.324830e+06 0.917076 0.920858 -3.295563e+06
0.010000 0.500000 0.010000 50 0.910853 0.898415 0.912080 0.915935 -3.251360e+06 0.913208 0.917063 -3.219423e+06
0.010000 0.001000 0.100000 50 0.912673 0.896254 0.914175 0.917324 -3.403360e+06 0.915223 0.918306 -3.369026e+06
0.010000 0.001500 0.100000 50 0.913331 0.896254 0.914739 0.917964 -3.402740e+06 0.915384 0.918478 -3.368329e+06
0.010000 0.010000 0.100000 50 0.916060 0.897695 0.917237 0.920786 -3.390560e+06 0.919172 0.922660 -3.356080e+06
0.010000 0.025000 0.100000 50 0.916311 0.899856 0.917237 0.920969 -3.373720e+06 0.919655 0.923340 -3.339579e+06
0.010000 0.050000 0.100000 50 0.916060 0.899856 0.917237 0.921050 -3.354680e+06 0.919575 0.923398 -3.318486e+06
0.010000 0.100000 0.100000 50 0.915119 0.899856 0.917399 0.921198 -3.330320e+06 0.919172 0.923010 -3.292858e+06
0.010000 0.500000 0.100000 50 0.913018 0.899135 0.912483 0.916086 -3.262990e+06 0.914336 0.917782 -3.222659e+06
0.010000 0.001000 1.000000 50 0.928858 0.912824 0.924813 0.927869 -3.404080e+06 0.928358 0.931251 -3.338825e+06
0.010000 0.001500 1.000000 50 0.928858 0.912824 0.924651 0.927706 -3.403710e+06 0.928358 0.931262 -3.338391e+06
0.010000 0.010000 1.000000 50 0.929454 0.916427 0.924732 0.927911 -3.397080e+06 0.929406 0.932459 -3.329985e+06
0.010000 0.025000 1.000000 50 0.929329 0.916427 0.924087 0.927314 -3.389590e+06 0.927714 0.929969 -3.320455e+06
0.010000 0.050000 1.000000 50 0.926662 0.912824 0.922073 0.924443 -3.379190e+06 0.928036 0.930280 -3.304176e+06
0.010000 0.100000 1.000000 50 0.927196 0.909222 0.923362 0.925733 -3.362900e+06 0.927633 0.929848 -3.287135e+06
0.010000 0.500000 1.000000 50 0.920044 0.881844 0.904666 0.907555 -3.318070e+06 0.918446 0.921192 -3.239933e+06
