0.500000 0.001000 0.001000 50 0.923301 0.911383 0.930857 0.933342 -3.410130e+06 0.924329 0.927351 -3.381270e+06
0.500000 0.001500 0.001000 50 0.923301 0.911383 0.930857 0.933340 -3.409400e+06 0.924410 0.927428 -3.380545e+06
0.500000 0.010000 0.001000 50 0.923301 0.912824 0.930776 0.933357 -3.397950e+06 0.925457 0.928484 -3.369117e+06
0.500000 0.025000 0.001000 50 0.923550 0.912104 0.930937 0.933534 -3.382440e+06 0.927794 0.930650 -3.354035e+06
0.500000 0.050000 0.001000 50 0.923550 0.909942 0.931179 0.933760 -3.364180e+06 0.927794 0.930677 -3.335577e+06
0.500000 0.100000 0.001000 50 0.922370 0.909942 0.930373 0.932929 -3.339630e+06 0.927714 0.930546 -3.310265e+06
0.500000 0.500000 0.001000 50 0.919824 0.906340 0.924087 0.926142 -3.265280e+06 0.921831 0.924071 -3.234647e+06
0.500000 0.001000 0.010000 50 0.930257 0.921470 0.933919 0.936617 -3.398990e+06 0.931743 0.934591 -3.371819e+06
0.500000 0.001500 0.010000 50 0.930381 0.921470 0.933919 0.936617 -3.398250e+06 0.931743 0.934591 -3.371074e+06
0.500000 0.010000 0.010000 50 0.930195 0.923631 0.933919 0.936652 -3.386820e+06 0.931743 0.934595 -3.359579e+06
0.500000 0.025000 0.010000 50 0.930506 0.922911 0.933032 0.935803 -3.369970e+06 0.932307 0.935171 -3.342134e+06
0.500000 0.050000 0.010000 50 0.930009 0.923631 0.932710 0.935529 -3.350040e+06 0.932227 0.935088 -3.321715e+06
0.500000 0.100000 0.010000 50 0.930940 0.922911 0.933677 0.936457 -3.323930e+06 0.931904 0.934772 -3.294882e+06
0.500000 0.500000 0.010000 50 0.928456 0.925072 0.931260 0.933869 -3.248610e+06 0.929164 0.932028 -3.217652e+06
0.500000 0.001000 0.100000 50 0.930568 0.925072 0.935128 0.937479 -3.405780e+06 0.926908 0.929959 -3.372896e+06
0.500000 0.001500 0.100000 50 0.930506 0.925072 0.935047 0.937401 -3.405040e+06 0.926908 0.930005 -3.372150e+06
0.500000 0.010000 0.100000 50 0.929636 0.924352 0.934886 0.937359 -3.392680e+06 0.925860 0.929068 -3.359318e+06
0.500000 0.025000 0.100000 50 0.924544 0.922190 0.930695 0.933571 -3.376540e+06 0.926021 0.929256 -3.342531e+06
0.500000 0.050000 0.100000 50 0.924233 0.922190 0.929567 0.932482 -3.357310e+06 0.926102 0.929366 -3.321433e+06
0.500000 0.100000 0.100000 50 0.923674 0.919308 0.929728 0.932685 -3.332680e+06 0.927391 0.930567 -3.295891e+06
0.500000 0.500000 0.100000 50 0.928394 0.914986 0.930695 0.932993 -3.264800e+06 0.929406 0.932004 -3.224391e+06
0.500000 0.001000 1.000000 50 0.944852 0.937320 0.943186 0.944988 -3.402900e+06 0.943751 0.945947 -3.340722e+06
0.500000 0.001500 1.000000 50 0.944789 0.937320 0.943186 0.944997 -3.402560e+06 0.943751 0.945947 -3.340317e+06
0.500000 0.010000 1.000000 50 0.944541 0.934438 0.942461 0.944351 -3.396580e+06 0.943589 0.945845 -3.332710e+06
0.500000 0.025000 1.000000 50 0.945038 0.933718 0.943106 0.944927 -3.388450e+06 0.943428 0.945780 -3.319085e+06
0.500000 0.050000 1.000000 50 0.943672 0.930115 0.942139 0.944184 -3.377040e+06 0.943509 0.945896 -3.305878e+06
0.500000 0.100000 1.000000 50 0.942243 0.927954 0.941413 0.943552 -3.360760e+06 0.942058 0.944590 -3.287497e+06
0.500000 0.500000 1.000000 50 0.933921 0.904179 0.927633 0.930236 -3.309630e+06 0.931743 0.934870 -3.236628e+06
