0.300000 0.001000 0.001000 50 0.583425 0.592490 0.584981 0.507987 -9.655540e+05 0.563195 0.497472 -9.600763e+05
0.300000 0.001500 0.001000 50 0.583425 0.591099 0.585136 0.508112 -9.654660e+05 0.564277 0.504518 -9.597257e+05
0.300000 0.010000 0.001000 50 0.583170 0.591099 0.585445 0.508329 -9.638350e+05 0.564277 0.501374 -9.580386e+05
0.300000 0.025000 0.001000 50 0.584190 0.592490 0.586063 0.505593 -9.610950e+05 0.564277 0.501357 -9.554554e+05
0.300000 0.050000 0.001000 50 0.582745 0.586926 0.588535 0.507604 -9.567360e+05 0.565204 0.498874 -9.510614e+05
0.300000 0.100000 0.001000 50 0.584190 0.591099 0.587763 0.506949 -9.487430e+05 0.570457 0.500138 -9.430536e+05
0.300000 0.500000 0.001000 50 0.588270 0.609179 0.591316 0.509494 -9.105300e+05 0.580192 0.503054 -9.038423e+05
0.300000 0.001000 0.010000 50 0.585125 0.599444 0.596261 0.532600 -9.646400e+05 0.589771 0.531120 -9.581279e+05
0.300000 0.001500 0.010000 50 0.585975 0.602225 0.595488 0.531956 -9.642580e+05 0.590698 0.528883 -9.576136e+05
0.300000 0.010000 0.010000 50 0.587335 0.600834 0.596415 0.532744 -9.624300e+05 0.590389 0.528538 -9.560301e+05
0.300000 0.025000 0.010000 50 0.587080 0.603616 0.597188 0.533249 -9.596350e+05 0.590853 0.528890 -9.528992e+05
0.300000 0.050000 0.010000 50 0.589120 0.616134 0.600124 0.535799 -9.548900e+05 0.592707 0.530358 -9.480497e+05
0.300000 0.100000 0.010000 50 0.591330 0.618915 0.601823 0.540405 -9.463410e+05 0.594716 0.532157 -9.393157e+05
0.300000 0.500000 0.010000 50 0.605865 0.632823 0.621446 0.537786 -9.081700e+05 0.606768 0.525624 -8.996756e+05
0.300000 0.001000 0.100000 50 0.617850 0.630042 0.625927 0.556801 -9.629670e+05 0.619747 0.550993 -9.537326e+05
0.300000 0.001500 0.100000 50 0.618020 0.630042 0.627163 0.554816 -9.624960e+05 0.619283 0.550677 -9.532075e+05
0.300000 0.010000 0.100000 50 0.618360 0.632823 0.627781 0.552261 -9.605890e+05 0.619438 0.550663 -9.512622e+05
0.300000 0.025000 0.100000 50 0.618020 0.631433 0.627163 0.558091 -9.571250e+05 0.617120 0.548296 -9.481008e+05
0.300000 0.050000 0.100000 50 0.618275 0.630042 0.625618 0.553482 -9.524160e+05 0.614802 0.543193 -9.430061e+05
0.300000 0.100000 0.100000 50 0.619635 0.623088 0.629326 0.559900 -9.436160e+05 0.614493 0.549418 -9.339062e+05
0.300000 0.500000 0.100000 50 0.622949 0.631433 0.632108 0.546020 -9.075020e+05 0.621755 0.546951 -8.949616e+05
0.300000 0.001000 1.000000 50 0.675988 0.684284 0.682787 0.584960 -9.572160e+05 0.665173 0.589413 -9.424619e+05
0.300000 0.001500 1.000000 50 0.675733 0.684284 0.682787 0.584929 -9.571810e+05 0.665173 0.589413 -9.424236e+05
0.300000 0.010000 1.000000 50 0.674883 0.684284 0.681551 0.583605 -9.564480e+05 0.666100 0.590058 -9.411424e+05
0.300000 0.025000 1.000000 50 0.674288 0.681502 0.682169 0.584052 -9.544800e+05 0.663782 0.587613 -9.385938e+05
0.300000 0.050000 1.000000 50 0.674118 0.678720 0.682942 0.583868 -9.508010e+05 0.662855 0.586274 -9.336610e+05
0.300000 0.100000 1.000000 50 0.673948 0.682893 0.674598 0.579059 -9.455220e+05 0.656675 0.583486 -9.267228e+05
0.300000 0.500000 1.000000 50 0.653464 0.646732 0.652658 0.569646 -9.191360e+05 0.648949 0.574603 -8.942649e+05
