0.900000 0.001000 0.001000 50 0.612961 0.648122 0.631953 0.547020 -9.705570e+05 0.615884 0.528124 -9.641286e+05
0.900000 0.001500 0.001000 50 0.614150 0.650904 0.633498 0.551401 -9.703330e+05 0.615729 0.527999 -9.640402e+05
0.900000 0.010000 0.001000 50 0.614150 0.650904 0.633344 0.554356 -9.686670e+05 0.618201 0.530162 -9.623278e+05
0.900000 0.025000 0.001000 50 0.614150 0.649513 0.634889 0.552462 -9.658390e+05 0.618974 0.530757 -9.595290e+05
0.900000 0.050000 0.001000 50 0.612961 0.653686 0.636279 0.556600 -9.614010e+05 0.617583 0.526426 -9.552734e+05
0.900000 0.100000 0.001000 50 0.612961 0.648122 0.636588 0.556756 -9.530660e+05 0.618511 0.526834 -9.471753e+05
0.900000 0.500000 0.001000 50 0.615933 0.636996 0.630717 0.539867 -9.125840e+05 0.616038 0.521103 -9.061848e+05
0.900000 0.001000 0.010000 50 0.623662 0.642559 0.645550 0.551329 -9.686380e+05 0.628863 0.539255 -9.616816e+05
0.900000 0.001500 0.010000 50 0.626635 0.643950 0.646014 0.551688 -9.683420e+05 0.628708 0.539131 -9.615908e+05
0.900000 0.010000 0.010000 50 0.630202 0.642559 0.648022 0.553402 -9.665870e+05 0.630253 0.543507 -9.596959e+05
0.900000 0.025000 0.010000 50 0.629608 0.642559 0.648640 0.553899 -9.636140e+05 0.631489 0.544516 -9.566552e+05
0.900000 0.050000 0.010000 50 0.627824 0.641168 0.647250 0.552714 -9.589950e+05 0.633498 0.546284 -9.518577e+05
0.900000 0.100000 0.010000 50 0.631986 0.645341 0.648331 0.553415 -9.501060e+05 0.633498 0.546176 -9.431212e+05
0.900000 0.500000 0.010000 50 0.631391 0.646732 0.642151 0.548529 -9.101670e+05 0.631180 0.538528 -9.023839e+05
0.900000 0.001000 0.100000 50 0.648038 0.682893 0.668572 0.568863 -9.662530e+05 0.647559 0.557612 -9.563749e+05
0.900000 0.001500 0.100000 50 0.648038 0.682893 0.668418 0.568739 -9.661560e+05 0.647713 0.557736 -9.562816e+05
0.900000 0.010000 0.100000 50 0.647444 0.680111 0.668418 0.565754 -9.638270e+05 0.648640 0.558565 -9.538722e+05
0.900000 0.025000 0.100000 50 0.643876 0.680111 0.669963 0.567045 -9.605010e+05 0.649258 0.559127 -9.506190e+05
0.900000 0.050000 0.100000 50 0.645660 0.681502 0.668418 0.565829 -9.552760e+05 0.649876 0.559789 -9.454254e+05
0.900000 0.100000 0.100000 50 0.643876 0.680111 0.665946 0.566823 -9.460370e+05 0.648486 0.558611 -9.358463e+05
0.900000 0.500000 0.100000 50 0.627229 0.671766 0.659147 0.558656 -9.080880e+05 0.644159 0.551500 -8.967196e+05
0.900000 0.001000 1.000000 50 0.717598 0.737135 0.726205 0.612938 -9.603740e+05 0.718943 0.613127 -9.476788e+05
0.900000 0.001500 1.000000 50 0.716409 0.737135 0.726205 0.612938 -9.603460e+05 0.718789 0.613003 -9.476506e+05
0.900000 0.010000 1.000000 50 0.717598 0.734353 0.725587 0.612320 -9.595500e+05 0.719561 0.613589 -9.465787e+05
0.900000 0.025000 1.000000 50 0.717004 0.737135 0.726051 0.612653 -9.581110e+05 0.719561 0.613560 -9.445097e+05
0.900000 0.050000 1.000000 50 0.719382 0.732962 0.723888 0.613693 -9.548310e+05 0.720643 0.614059 -9.399063e+05
0.900000 0.100000 1.000000 50 0.723543 0.735744 0.720952 0.610907 -9.499190e+05 0.691131 0.608822 -9.341476e+05
0.900000 0.500000 1.000000 50 0.697979 0.687065 0.685105 0.582207 -9.213450e+05 0.688504 0.598037 -8.959899e+05
