0.050000 0.001000 0.001000 50 0.531283 0.536857 0.533375 0.479269 -9.656030e+05 0.532911 0.472652 -9.601435e+05
0.050000 0.001500 0.001000 50 0.531283 0.536857 0.533375 0.479301 -9.655150e+05 0.532756 0.472528 -9.600570e+05
0.050000 0.010000 0.001000 50 0.531346 0.534075 0.532138 0.478234 -9.638350e+05 0.527812 0.471133 -9.579717e+05
0.050000 0.025000 0.001000 50 0.531033 0.534075 0.532138 0.478294 -9.610630e+05 0.528739 0.472003 -9.554183e+05
0.050000 0.050000 0.001000 50 0.530782 0.535466 0.534611 0.480292 -9.567180e+05 0.529203 0.472328 -9.510249e+05
0.050000 0.100000 0.001000 50 0.534978 0.542420 0.537083 0.476462 -9.488770e+05 0.531520 0.468077 -9.431065e+05
0.050000 0.500000 0.001000 50 0.554456 0.573018 0.553770 0.469232 -9.113150e+05 0.545117 0.469941 -9.043813e+05
0.050000 0.001000 0.010000 50 0.507296 0.503477 0.513597 0.474477 -9.638660e+05 0.511434 0.475792 -9.573425e+05
0.050000 0.001500 0.010000 50 0.507296 0.503477 0.513288 0.474197 -9.637830e+05 0.511588 0.475915 -9.572599e+05
0.050000 0.010000 0.010000 50 0.505605 0.500695 0.510816 0.472133 -9.620800e+05 0.505871 0.470906 -9.554500e+05
0.050000 0.025000 0.010000 50 0.504979 0.503477 0.511125 0.472255 -9.593690e+05 0.504326 0.469406 -9.526276e+05
0.050000 0.050000 0.010000 50 0.506795 0.507650 0.512979 0.470561 -9.551030e+05 0.507726 0.472105 -9.485727e+05
0.050000 0.100000 0.010000 50 0.513058 0.517385 0.522095 0.478441 -9.476390e+05 0.513133 0.476509 -9.405931e+05
0.050000 0.500000 0.010000 50 0.531346 0.509040 0.537083 0.478772 -9.106690e+05 0.526885 0.475756 -9.021443e+05
0.050000 0.001000 0.100000 50 0.549508 0.549374 0.551607 0.525339 -9.630220e+05 0.554697 0.516176 -9.537867e+05
0.050000 0.001500 0.100000 50 0.549446 0.550765 0.551607 0.525308 -9.629320e+05 0.555006 0.516427 -9.536978e+05
0.050000 0.010000 0.100000 50 0.552389 0.547983 0.554079 0.533996 -9.606480e+05 0.556551 0.518093 -9.513233e+05
0.050000 0.025000 0.100000 50 0.556084 0.552156 0.557942 0.531537 -9.575640e+05 0.559333 0.517431 -9.485943e+05
0.050000 0.050000 0.100000 50 0.558590 0.554937 0.564586 0.537297 -9.528220e+05 0.566131 0.526641 -9.433949e+05
0.050000 0.100000 0.100000 50 0.562786 0.563282 0.564740 0.528138 -9.447340e+05 0.567985 0.528574 -9.348625e+05
0.050000 0.500000 0.100000 50 0.567045 0.571627 0.576947 0.521196 -9.114690e+05 0.577256 0.522043 -8.986577e+05
0.050000 0.001000 1.000000 50 0.655289 0.675939 0.653430 0.556808 -9.552400e+05 0.645396 0.558824 -9.405024e+05
0.050000 0.001500 1.000000 50 0.655226 0.675939 0.653276 0.556652 -9.552060e+05 0.645087 0.558577 -9.404613e+05
0.050000 0.010000 1.000000 50 0.655602 0.668985 0.654048 0.557211 -9.542680e+05 0.645859 0.559147 -9.391402e+05
0.050000 0.025000 1.000000 50 0.655665 0.674548 0.654203 0.557236 -9.525670e+05 0.645705 0.558742 -9.364066e+05
0.050000 0.050000 1.000000 50 0.655915 0.664812 0.654203 0.560036 -9.489960e+05 0.645550 0.555171 -9.315641e+05
0.050000 0.100000 1.000000 50 0.652533 0.663421 0.651112 0.553739 -9.441610e+05 0.643078 0.549918 -9.247278e+05
0.050000 0.500000 1.000000 50 0.641260 0.635605 0.627936 0.540209 -9.227200e+05 0.632571 0.551965 -8.969391e+05
