0.500000 0.001000 0.001000 50 0.689849 0.696667 0.694757 0.694750 -1.894630e+07 0.690420 0.690412 -1.889390e+07
0.500000 0.001500 0.001000 50 0.689849 0.698095 0.694546 0.694538 -1.894050e+07 0.690578 0.690571 -1.888802e+07
0.500000 0.010000 0.001000 50 0.691155 0.700000 0.696344 0.696337 -1.885110e+07 0.691901 0.691894 -1.880006e+07
0.500000 0.025000 0.001000 50 0.691319 0.702381 0.697244 0.697237 -1.874400e+07 0.692641 0.692634 -1.868830e+07
0.500000 0.050000 0.001000 50 0.690747 0.705238 0.696609 0.696601 -1.863260e+07 0.692747 0.692740 -1.857573e+07
0.500000 0.100000 0.001000 50 0.691808 0.703810 0.697773 0.697764 -1.850510e+07 0.693223 0.693215 -1.844675e+07
0.500000 0.500000 0.001000 50 0.685319 0.688571 0.689838 0.689828 -1.822110e+07 0.686452 0.686443 -1.816297e+07
0.500000 0.001000 0.010000 50 0.688380 0.690952 0.692324 0.692318 -1.894170e+07 0.689679 0.689673 -1.888694e+07
0.500000 0.001500 0.010000 50 0.688543 0.690952 0.692430 0.692424 -1.893580e+07 0.689626 0.689620 -1.888103e+07
0.500000 0.010000 0.010000 50 0.689727 0.692381 0.693752 0.693745 -1.884870e+07 0.690420 0.690413 -1.879275e+07
0.500000 0.025000 0.010000 50 0.691360 0.691905 0.696344 0.696337 -1.874070e+07 0.691954 0.691947 -1.867834e+07
0.500000 0.050000 0.010000 50 0.692094 0.694762 0.696556 0.696548 -1.862840e+07 0.693276 0.693269 -1.856485e+07
0.500000 0.100000 0.010000 50 0.692666 0.696667 0.697720 0.697712 -1.849900e+07 0.694017 0.694009 -1.843295e+07
0.500000 0.500000 0.010000 50 0.689482 0.698095 0.692218 0.692210 -1.820730e+07 0.688938 0.688929 -1.814279e+07
0.500000 0.001000 0.100000 50 0.695686 0.704286 0.699148 0.699140 -1.894090e+07 0.695815 0.695807 -1.887406e+07
0.500000 0.001500 0.100000 50 0.695890 0.704762 0.699201 0.699193 -1.893520e+07 0.695921 0.695913 -1.886832e+07
0.500000 0.010000 0.100000 50 0.695890 0.705238 0.701106 0.701097 -1.884700e+07 0.697297 0.697288 -1.877874e+07
0.500000 0.025000 0.100000 50 0.696910 0.705238 0.701529 0.701520 -1.873310e+07 0.698672 0.698664 -1.866084e+07
0.500000 0.050000 0.100000 50 0.696625 0.703810 0.702217 0.702208 -1.862120e+07 0.698672 0.698664 -1.854545e+07
0.500000 0.100000 0.100000 50 0.697278 0.702857 0.703222 0.703212 -1.849450e+07 0.698672 0.698664 -1.841630e+07
0.500000 0.500000 0.100000 50 0.692543 0.699524 0.694757 0.694748 -1.821870e+07 0.692483 0.692474 -1.813138e+07
0.500000 0.001000 1.000000 50 0.700461 0.709048 0.708247 0.708239 -1.894200e+07 0.701106 0.701099 -1.883675e+07
0.500000 0.001500 1.000000 50 0.700461 0.709048 0.708089 0.708080 -1.893580e+07 0.700735 0.700728 -1.883042e+07
0.500000 0.010000 1.000000 50 0.701563 0.710000 0.706872 0.706864 -1.884230e+07 0.700471 0.700464 -1.872859e+07
0.500000 0.025000 1.000000 50 0.703645 0.709524 0.709676 0.709667 -1.873530e+07 0.701370 0.701363 -1.860762e+07
0.500000 0.050000 1.000000 50 0.705441 0.714286 0.710258 0.710248 -1.863520e+07 0.704174 0.704166 -1.850134e+07
0.500000 0.100000 1.000000 50 0.707155 0.710952 0.711263 0.711253 -1.852010e+07 0.704280 0.704271 -1.838025e+07
0.500000 0.500000 1.000000 50 0.699196 0.700952 0.701529 0.701517 -1.826660e+07 0.697455 0.697445 -1.812438e+07
