0.005000 0.001000 0.001000 50 0.524877 0.517385 0.528430 0.451518 -9.648840e+05 0.528430 0.451806 -9.584394e+05
0.005000 0.001500 0.001000 50 0.524937 0.520167 0.528430 0.451518 -9.648060e+05 0.528430 0.451806 -9.583570e+05
0.005000 0.010000 0.001000 50 0.520452 0.515994 0.525031 0.448760 -9.628290e+05 0.527349 0.450970 -9.567087e+05
0.005000 0.025000 0.001000 50 0.522306 0.511822 0.524876 0.448559 -9.605160e+05 0.525494 0.449443 -9.540474e+05
0.005000 0.050000 0.001000 50 0.519734 0.515994 0.525340 0.448935 -9.563680e+05 0.526885 0.450364 -9.500597e+05
0.005000 0.100000 0.001000 50 0.519555 0.509040 0.527658 0.450686 -9.487040e+05 0.529048 0.451982 -9.424179e+05
0.005000 0.500000 0.001000 50 0.538572 0.529903 0.542800 0.459085 -9.113820e+05 0.547590 0.462947 -9.045777e+05
0.005000 0.001000 0.010000 50 0.514412 0.515994 0.520241 0.450525 -9.626220e+05 0.522095 0.451985 -9.561022e+05
0.005000 0.001500 0.010000 50 0.514472 0.515994 0.520241 0.450525 -9.625290e+05 0.522250 0.452109 -9.560103e+05
0.005000 0.010000 0.010000 50 0.513097 0.518776 0.518696 0.449086 -9.607080e+05 0.519314 0.449479 -9.540784e+05
0.005000 0.025000 0.010000 50 0.511960 0.517385 0.516224 0.446874 -9.577950e+05 0.516687 0.447328 -9.510411e+05
0.005000 0.050000 0.010000 50 0.514412 0.511822 0.520396 0.450015 -9.534100e+05 0.519623 0.452504 -9.466537e+05
0.005000 0.100000 0.010000 50 0.515369 0.517385 0.518387 0.453884 -9.452290e+05 0.520087 0.452456 -9.382891e+05
0.005000 0.500000 0.010000 50 0.532891 0.529903 0.536001 0.463043 -9.087720e+05 0.534147 0.461417 -9.002014e+05
0.005000 0.001000 0.100000 50 0.575111 0.592490 0.583282 0.496609 -9.629890e+05 0.577565 0.495022 -9.537332e+05
0.005000 0.001500 0.100000 50 0.575828 0.591099 0.583282 0.496619 -9.629090e+05 0.575402 0.493215 -9.531175e+05
0.005000 0.010000 0.100000 50 0.578101 0.592490 0.583745 0.494090 -9.606180e+05 0.578956 0.490313 -9.513071e+05
0.005000 0.025000 0.100000 50 0.579775 0.596662 0.586681 0.496657 -9.579440e+05 0.581737 0.492804 -9.482629e+05
0.005000 0.050000 0.100000 50 0.580194 0.602225 0.586372 0.496445 -9.532070e+05 0.583436 0.494230 -9.434447e+05
0.005000 0.100000 0.100000 50 0.575948 0.599444 0.583591 0.491245 -9.452620e+05 0.583436 0.491262 -9.352594e+05
0.005000 0.500000 0.100000 50 0.553522 0.570236 0.567522 0.479244 -9.121290e+05 0.565049 0.477202 -8.987716e+05
0.005000 0.001000 1.000000 50 0.562672 0.541029 0.561496 0.548142 -9.589880e+05 0.555933 0.538480 -9.429860e+05
0.005000 0.001500 1.000000 50 0.562672 0.541029 0.561496 0.548142 -9.589540e+05 0.555779 0.538324 -9.429374e+05
0.005000 0.010000 1.000000 50 0.563509 0.541029 0.561341 0.545050 -9.582590e+05 0.554852 0.537660 -9.414279e+05
0.005000 0.025000 1.000000 50 0.564705 0.546592 0.562732 0.543798 -9.562060e+05 0.556551 0.539366 -9.376191e+05
0.005000 0.050000 1.000000 50 0.565124 0.549374 0.563504 0.550659 -9.521570e+05 0.557169 0.536800 -9.324741e+05
0.005000 0.100000 1.000000 50 0.560997 0.545202 0.555624 0.537310 -9.461690e+05 0.559642 0.535159 -9.250721e+05
0.005000 0.500000 1.000000 50 0.536778 0.546592 0.549135 0.515871 -9.267760e+05 0.527658 0.508702 -8.966695e+05
