0.700000 0.001000 0.001000 50 0.679604 0.704505 0.699980 0.690470 -3.730830e+06 0.683982 0.674208 -3.698943e+06
0.700000 0.001500 0.001000 50 0.677067 0.699099 0.701955 0.692619 -3.729060e+06 0.681809 0.671831 -3.697031e+06
0.700000 0.010000 0.001000 50 0.684170 0.686486 0.705708 0.695632 -3.712390e+06 0.692475 0.681857 -3.680411e+06
0.700000 0.025000 0.001000 50 0.687215 0.684685 0.707091 0.696615 -3.698780e+06 0.695833 0.684875 -3.666180e+06
0.700000 0.050000 0.001000 50 0.686707 0.677477 0.705708 0.695517 -3.685740e+06 0.695437 0.684330 -3.653034e+06
0.700000 0.100000 0.001000 50 0.682141 0.679279 0.703338 0.692321 -3.670530e+06 0.691092 0.679202 -3.637638e+06
0.700000 0.500000 0.001000 50 0.676814 0.663063 0.682797 0.671019 -3.629690e+06 0.678847 0.666539 -3.595864e+06
0.700000 0.001000 0.010000 50 0.704718 0.729730 0.718941 0.708814 -3.728440e+06 0.699980 0.689025 -3.694217e+06
0.700000 0.001500 0.010000 50 0.703704 0.729730 0.719731 0.709693 -3.726750e+06 0.700178 0.689166 -3.692463e+06
0.700000 0.010000 0.010000 50 0.703196 0.722523 0.717954 0.707433 -3.710630e+06 0.703535 0.692483 -3.675133e+06
0.700000 0.025000 0.010000 50 0.702182 0.720721 0.716966 0.706170 -3.696480e+06 0.702745 0.691239 -3.660672e+06
0.700000 0.050000 0.010000 50 0.700913 0.717117 0.714794 0.703909 -3.683460e+06 0.702153 0.690315 -3.647442e+06
0.700000 0.100000 0.010000 50 0.700660 0.715315 0.711831 0.700497 -3.668580e+06 0.699388 0.687268 -3.632167e+06
0.700000 0.500000 0.010000 50 0.687215 0.686486 0.696228 0.684712 -3.628810e+06 0.691290 0.678630 -3.591378e+06
0.700000 0.001000 0.100000 50 0.700913 0.727928 0.704918 0.697327 -3.730320e+06 0.686154 0.677749 -3.689755e+06
0.700000 0.001500 0.100000 50 0.700913 0.729730 0.704721 0.697090 -3.728220e+06 0.687735 0.679313 -3.687661e+06
0.700000 0.010000 0.100000 50 0.705987 0.727928 0.712226 0.704186 -3.710390e+06 0.693067 0.683968 -3.668926e+06
0.700000 0.025000 0.100000 50 0.703957 0.731532 0.713609 0.705503 -3.696950e+06 0.696228 0.686894 -3.654607e+06
0.700000 0.050000 0.100000 50 0.700660 0.727928 0.713016 0.704533 -3.685590e+06 0.696425 0.686919 -3.641907e+06
0.700000 0.100000 0.100000 50 0.701674 0.727928 0.708473 0.699222 -3.671950e+06 0.699585 0.689842 -3.627835e+06
0.700000 0.500000 0.100000 50 0.694064 0.715315 0.698400 0.689045 -3.636620e+06 0.693462 0.682906 -3.591097e+06
0.700000 0.001000 1.000000 50 0.653983 0.691892 0.680032 0.673558 -3.734550e+06 0.650800 0.641488 -3.669354e+06
0.700000 0.001500 1.000000 50 0.654490 0.690090 0.679439 0.672905 -3.733360e+06 0.650602 0.641160 -3.668032e+06
0.700000 0.010000 1.000000 50 0.653222 0.681081 0.673119 0.665808 -3.721790e+06 0.645072 0.634833 -3.656414e+06
0.700000 0.025000 1.000000 50 0.646880 0.684685 0.663836 0.656079 -3.712780e+06 0.646455 0.635656 -3.648032e+06
0.700000 0.050000 1.000000 50 0.647133 0.684685 0.658898 0.651149 -3.704810e+06 0.649417 0.637292 -3.639112e+06
0.700000 0.100000 1.000000 50 0.645611 0.684685 0.658305 0.649710 -3.695210e+06 0.654948 0.642155 -3.628704e+06
0.700000 0.500000 1.000000 50 0.651446 0.636036 0.647837 0.638823 -3.668720e+06 0.666206 0.652985 -3.602145e+06
