0.500000 0.001000 0.001000 50 0.667124 0.693694 0.683192 0.676265 -3.727740e+06 0.670946 0.663811 -3.696543e+06
0.500000 0.001500 0.001000 50 0.667734 0.695495 0.682402 0.675676 -3.726030e+06 0.670551 0.663423 -3.694471e+06
0.500000 0.010000 0.001000 50 0.671089 0.688288 0.685167 0.678067 -3.710600e+06 0.676279 0.669196 -3.678631e+06
0.500000 0.025000 0.001000 50 0.671394 0.682883 0.687932 0.680718 -3.697410e+06 0.678847 0.671166 -3.665149e+06
0.500000 0.050000 0.001000 50 0.669716 0.677477 0.687537 0.679814 -3.685290e+06 0.680032 0.671835 -3.652710e+06
0.500000 0.100000 0.001000 50 0.671699 0.675676 0.690105 0.682264 -3.671020e+06 0.681612 0.673196 -3.638126e+06
0.500000 0.500000 0.001000 50 0.656755 0.664865 0.676674 0.668204 -3.631060e+06 0.675094 0.665502 -3.596861e+06
0.500000 0.001000 0.010000 50 0.666819 0.684685 0.683784 0.672516 -3.729170e+06 0.668576 0.656583 -3.695210e+06
0.500000 0.001500 0.010000 50 0.664989 0.673874 0.677464 0.666744 -3.727500e+06 0.664626 0.653457 -3.692210e+06
0.500000 0.010000 0.010000 50 0.670479 0.675676 0.684574 0.673542 -3.711360e+06 0.671144 0.659811 -3.675969e+06
0.500000 0.025000 0.010000 50 0.676426 0.677477 0.692277 0.682493 -3.698230e+06 0.677661 0.667549 -3.662541e+06
0.500000 0.050000 0.010000 50 0.675511 0.664865 0.692080 0.682206 -3.685720e+06 0.681217 0.669987 -3.649639e+06
0.500000 0.100000 0.010000 50 0.675968 0.654054 0.690105 0.679494 -3.670860e+06 0.680427 0.668542 -3.634328e+06
0.500000 0.500000 0.010000 50 0.663159 0.659459 0.671736 0.661161 -3.631390e+06 0.668181 0.656092 -3.593425e+06
0.500000 0.001000 0.100000 50 0.688167 0.720721 0.706301 0.698278 -3.731540e+06 0.697018 0.688090 -3.690424e+06
0.500000 0.001500 0.100000 50 0.689692 0.726126 0.705511 0.697178 -3.729580e+06 0.696030 0.687112 -3.688488e+06
0.500000 0.010000 0.100000 50 0.691674 0.715315 0.710053 0.701194 -3.713480e+06 0.701560 0.692246 -3.671269e+06
0.500000 0.025000 0.100000 50 0.688930 0.717117 0.710053 0.700911 -3.700670e+06 0.703535 0.694106 -3.657858e+06
0.500000 0.050000 0.100000 50 0.690149 0.718919 0.712028 0.702812 -3.689870e+06 0.709658 0.700049 -3.645121e+06
0.500000 0.100000 0.100000 50 0.686337 0.717117 0.710251 0.700876 -3.676530e+06 0.706893 0.697124 -3.631190e+06
0.500000 0.500000 0.100000 50 0.674596 0.684685 0.689907 0.679786 -3.642630e+06 0.687735 0.677004 -3.594776e+06
0.500000 0.001000 1.000000 50 0.695181 0.693694 0.716769 0.708753 -3.734510e+06 0.693067 0.683108 -3.661583e+06
0.500000 0.001500 1.000000 50 0.695334 0.695495 0.717361 0.709444 -3.733480e+06 0.693067 0.683014 -3.660327e+06
0.500000 0.010000 1.000000 50 0.693352 0.691892 0.718151 0.709327 -3.722070e+06 0.694450 0.683246 -3.649328e+06
0.500000 0.025000 1.000000 50 0.697164 0.682883 0.721706 0.712510 -3.714020e+06 0.698203 0.686652 -3.641197e+06
0.500000 0.050000 1.000000 50 0.700671 0.681081 0.722892 0.713347 -3.705740e+06 0.702943 0.691239 -3.631569e+06
0.500000 0.100000 1.000000 50 0.701128 0.699099 0.716374 0.706743 -3.695670e+06 0.709263 0.697118 -3.621853e+06
0.500000 0.500000 1.000000 50 0.697164 0.681081 0.700770 0.689884 -3.673600e+06 0.717361 0.704555 -3.601844e+06
