0.200000 0.001000 0.001000 50 0.684421 0.691429 0.686928 0.686921 -1.893540e+07 0.685076 0.685069 -1.888679e+07
0.200000 0.001500 0.001000 50 0.684498 0.689524 0.686822 0.686815 -1.892970e+07 0.685129 0.685122 -1.888096e+07
0.200000 0.010000 0.001000 50 0.685212 0.691905 0.687774 0.687767 -1.884140e+07 0.686240 0.686233 -1.878977e+07
0.200000 0.025000 0.001000 50 0.686819 0.694286 0.688674 0.688667 -1.873580e+07 0.687140 0.687132 -1.868289e+07
0.200000 0.050000 0.001000 50 0.687993 0.694286 0.689732 0.689724 -1.862670e+07 0.688303 0.688296 -1.857174e+07
0.200000 0.100000 0.001000 50 0.687993 0.694762 0.691583 0.691576 -1.850110e+07 0.688568 0.688560 -1.844407e+07
0.200000 0.500000 0.001000 50 0.679013 0.684286 0.684812 0.684803 -1.822080e+07 0.683013 0.683004 -1.815948e+07
0.200000 0.001000 0.010000 50 0.687049 0.692381 0.688039 0.688032 -1.892630e+07 0.686558 0.686551 -1.887512e+07
0.200000 0.001500 0.010000 50 0.686947 0.691905 0.688198 0.688191 -1.892060e+07 0.686399 0.686392 -1.886942e+07
0.200000 0.010000 0.010000 50 0.687508 0.690952 0.689203 0.689196 -1.883420e+07 0.686822 0.686816 -1.877657e+07
0.200000 0.025000 0.010000 50 0.687687 0.689048 0.688885 0.688879 -1.872450e+07 0.688092 0.688085 -1.866753e+07
0.200000 0.050000 0.010000 50 0.688605 0.691429 0.689838 0.689831 -1.861350e+07 0.688674 0.688667 -1.855381e+07
0.200000 0.100000 0.010000 50 0.688732 0.691905 0.691425 0.691417 -1.848610e+07 0.689890 0.689883 -1.842369e+07
0.200000 0.500000 0.010000 50 0.686462 0.690476 0.687034 0.687025 -1.820020e+07 0.687298 0.687289 -1.813470e+07
0.200000 0.001000 0.100000 50 0.689804 0.695238 0.691054 0.691047 -1.893380e+07 0.691530 0.691523 -1.886975e+07
0.200000 0.001500 0.100000 50 0.689804 0.695238 0.691054 0.691047 -1.892800e+07 0.691530 0.691523 -1.886391e+07
0.200000 0.010000 0.100000 50 0.690237 0.694286 0.693065 0.693058 -1.883840e+07 0.692324 0.692317 -1.877323e+07
0.200000 0.025000 0.100000 50 0.691998 0.692381 0.695710 0.695703 -1.872650e+07 0.693964 0.693957 -1.865643e+07
0.200000 0.050000 0.100000 50 0.693120 0.694286 0.696080 0.696073 -1.861790e+07 0.695657 0.695650 -1.854371e+07
0.200000 0.100000 0.100000 50 0.695365 0.695238 0.697826 0.697818 -1.849480e+07 0.696397 0.696390 -1.841635e+07
0.200000 0.500000 0.100000 50 0.687355 0.685714 0.690896 0.690885 -1.822410e+07 0.690896 0.690886 -1.813672e+07
0.200000 0.001000 1.000000 50 0.695161 0.695238 0.696239 0.696231 -1.893150e+07 0.694228 0.694221 -1.882862e+07
0.200000 0.001500 1.000000 50 0.695135 0.695714 0.696556 0.696548 -1.892530e+07 0.694599 0.694592 -1.882214e+07
0.200000 0.010000 1.000000 50 0.697355 0.700476 0.698249 0.698241 -1.883260e+07 0.697191 0.697184 -1.872035e+07
0.200000 0.025000 1.000000 50 0.699242 0.701429 0.703010 0.703001 -1.872100e+07 0.700153 0.700145 -1.859190e+07
0.200000 0.050000 1.000000 50 0.702201 0.697619 0.705549 0.705540 -1.860790e+07 0.702322 0.702314 -1.846961e+07
0.200000 0.100000 1.000000 50 0.704089 0.702857 0.706713 0.706704 -1.848910e+07 0.705655 0.705646 -1.834825e+07
0.200000 0.500000 1.000000 50 0.702788 0.700952 0.703804 0.703792 -1.823660e+07 0.702798 0.702786 -1.809452e+07
