0.300000 0.001000 0.001000 50 0.570676 0.582754 0.581737 0.520139 -9.666360e+05 0.577256 0.533242 -9.610608e+05
0.300000 0.001500 0.001000 50 0.571016 0.582754 0.581891 0.520268 -9.663690e+05 0.577565 0.533522 -9.609736e+05
0.300000 0.010000 0.001000 50 0.571271 0.582754 0.581582 0.519997 -9.647150e+05 0.575556 0.522731 -9.591891e+05
0.300000 0.025000 0.001000 50 0.571016 0.584145 0.581737 0.520024 -9.620820e+05 0.576329 0.523420 -9.563290e+05
0.300000 0.050000 0.001000 50 0.570676 0.589708 0.582818 0.520887 -9.576570e+05 0.575865 0.519915 -9.521028e+05
0.300000 0.100000 0.001000 50 0.573226 0.593880 0.583436 0.518277 -9.494720e+05 0.575402 0.516731 -9.437466e+05
0.300000 0.500000 0.001000 50 0.581895 0.588317 0.591625 0.508297 -9.110020e+05 0.581428 0.502911 -9.044078e+05
0.300000 0.001000 0.010000 50 0.573056 0.559110 0.585909 0.511416 -9.655760e+05 0.573548 0.501246 -9.589515e+05
0.300000 0.001500 0.010000 50 0.573141 0.559110 0.585600 0.511168 -9.654910e+05 0.573548 0.501246 -9.588672e+05
0.300000 0.010000 0.010000 50 0.573736 0.557719 0.585600 0.511137 -9.637830e+05 0.572311 0.500229 -9.570148e+05
0.300000 0.025000 0.010000 50 0.573311 0.557719 0.583591 0.509509 -9.610050e+05 0.572930 0.507101 -9.541244e+05
0.300000 0.050000 0.010000 50 0.572971 0.554937 0.584518 0.510381 -9.568360e+05 0.574629 0.508510 -9.499545e+05
0.300000 0.100000 0.010000 50 0.571951 0.552156 0.582664 0.508705 -9.484960e+05 0.573084 0.507221 -9.417379e+05
0.300000 0.500000 0.010000 50 0.574076 0.570236 0.584672 0.512910 -9.105290e+05 0.577565 0.507063 -9.025197e+05
0.300000 0.001000 0.100000 50 0.596940 0.606398 0.609549 0.525953 -9.627940e+05 0.599969 0.521905 -9.534841e+05
0.300000 0.001500 0.100000 50 0.597025 0.606398 0.609549 0.525982 -9.627060e+05 0.600278 0.522155 -9.533962e+05
0.300000 0.010000 0.100000 50 0.599065 0.613352 0.609703 0.526086 -9.604850e+05 0.602596 0.524015 -9.514787e+05
0.300000 0.025000 0.100000 50 0.603400 0.616134 0.613103 0.528688 -9.574380e+05 0.604759 0.525693 -9.483991e+05
0.300000 0.050000 0.100000 50 0.606800 0.621697 0.613875 0.529162 -9.526540e+05 0.606459 0.526773 -9.435623e+05
0.300000 0.100000 0.100000 50 0.605355 0.614743 0.614648 0.532739 -9.444760e+05 0.609703 0.529079 -9.348240e+05
0.300000 0.500000 0.100000 50 0.598895 0.613352 0.613103 0.528623 -9.096870e+05 0.603214 0.523255 -8.975391e+05
0.300000 0.001000 1.000000 50 0.589290 0.623088 0.612021 0.609014 -9.578830e+05 0.604604 0.600770 -9.442447e+05
0.300000 0.001500 1.000000 50 0.590990 0.624478 0.616656 0.610262 -9.575580e+05 0.604604 0.600770 -9.441995e+05
0.300000 0.010000 1.000000 50 0.593115 0.621697 0.613257 0.600703 -9.569690e+05 0.604913 0.598011 -9.426861e+05
0.300000 0.025000 1.000000 50 0.604420 0.627260 0.618047 0.614858 -9.543440e+05 0.607386 0.600333 -9.396918e+05
0.300000 0.050000 1.000000 50 0.612580 0.628651 0.623455 0.593289 -9.495100e+05 0.611712 0.589404 -9.340713e+05
0.300000 0.100000 1.000000 50 0.615300 0.635605 0.629635 0.590856 -9.460160e+05 0.618974 0.590057 -9.272158e+05
0.300000 0.500000 1.000000 50 0.626519 0.642559 0.640760 0.553261 -9.209320e+05 0.640297 0.569418 -8.983677e+05
