0.005000 0.001000 0.001000 50 0.506208 0.520721 0.514715 0.502569 -3.733490e+06 0.520442 0.508003 -3.700376e+06
0.005000 0.001500 0.001000 50 0.508047 0.524324 0.513530 0.501397 -3.731400e+06 0.521232 0.508779 -3.698606e+06
0.005000 0.010000 0.001000 50 0.518087 0.535135 0.523208 0.510587 -3.715870e+06 0.532293 0.519197 -3.682129e+06
0.005000 0.025000 0.001000 50 0.524295 0.542342 0.532096 0.519072 -3.702760e+06 0.537428 0.524175 -3.669319e+06
0.005000 0.050000 0.001000 50 0.527437 0.547748 0.541181 0.528012 -3.690160e+06 0.545921 0.532613 -3.656429e+06
0.005000 0.100000 0.001000 50 0.524448 0.536937 0.539799 0.525978 -3.675120e+06 0.552637 0.538647 -3.641521e+06
0.005000 0.500000 0.001000 50 0.511956 0.495495 0.528145 0.513368 -3.636540e+06 0.529133 0.513841 -3.602269e+06
0.005000 0.001000 0.010000 50 0.518317 0.549550 0.527750 0.514882 -3.734440e+06 0.536441 0.522935 -3.697278e+06
0.005000 0.001500 0.010000 50 0.517704 0.551351 0.529528 0.516565 -3.733060e+06 0.536638 0.523149 -3.695956e+06
0.005000 0.010000 0.010000 50 0.527361 0.551351 0.541576 0.527949 -3.717060e+06 0.545329 0.531453 -3.679154e+06
0.005000 0.025000 0.010000 50 0.531652 0.556757 0.543749 0.530198 -3.703990e+06 0.546316 0.532430 -3.666062e+06
0.005000 0.050000 0.010000 50 0.536174 0.542342 0.550859 0.537265 -3.691600e+06 0.555797 0.542033 -3.653431e+06
0.005000 0.100000 0.010000 50 0.529583 0.526126 0.542761 0.528881 -3.677290e+06 0.548489 0.534354 -3.638993e+06
0.005000 0.500000 0.010000 50 0.491416 0.486486 0.507604 0.493684 -3.640500e+06 0.509382 0.495246 -3.602060e+06
0.005000 0.001000 0.100000 50 0.536021 0.551351 0.547897 0.534160 -3.739760e+06 0.552242 0.538019 -3.694290e+06
0.005000 0.001500 0.100000 50 0.539316 0.553153 0.552242 0.538391 -3.738270e+06 0.554217 0.539953 -3.692383e+06
0.005000 0.010000 0.100000 50 0.554568 0.572973 0.563895 0.549899 -3.722540e+06 0.567845 0.553579 -3.675750e+06
0.005000 0.025000 0.100000 50 0.551579 0.565766 0.560735 0.547039 -3.709400e+06 0.568240 0.553883 -3.660965e+06
0.005000 0.050000 0.100000 50 0.549356 0.554955 0.557575 0.543599 -3.696680e+06 0.565673 0.551518 -3.648437e+06
0.005000 0.100000 0.100000 50 0.545601 0.540541 0.557180 0.543238 -3.683060e+06 0.561525 0.547394 -3.635396e+06
0.005000 0.500000 0.100000 50 0.509963 0.524324 0.519850 0.505992 -3.649420e+06 0.520837 0.506905 -3.600663e+06
0.005000 0.001000 1.000000 50 0.512492 0.529730 0.506419 0.493873 -3.741240e+06 0.511159 0.498535 -3.667254e+06
0.005000 0.001500 1.000000 50 0.513182 0.527928 0.510172 0.497287 -3.738930e+06 0.510567 0.498022 -3.665679e+06
0.005000 0.010000 1.000000 50 0.518547 0.533333 0.517282 0.503770 -3.727850e+06 0.519455 0.506578 -3.653017e+06
0.005000 0.025000 1.000000 50 0.521766 0.542342 0.514912 0.501357 -3.720730e+06 0.523800 0.510330 -3.645005e+06
0.005000 0.050000 1.000000 50 0.523222 0.527928 0.508592 0.495044 -3.713990e+06 0.524985 0.511386 -3.639848e+06
0.005000 0.100000 1.000000 50 0.523222 0.517117 0.505037 0.491309 -3.705950e+06 0.526565 0.512509 -3.632984e+06
0.005000 0.500000 1.000000 50 0.517397 0.506306 0.492198 0.477890 -3.683500e+06 0.523208 0.507920 -3.611767e+06
