0.900000 0.001000 0.001000 50 0.701898 0.704286 0.705232 0.705222 -1.897100e+07 0.699836 0.699828 -1.891295e+07
0.900000 0.001500 0.001000 50 0.702102 0.704762 0.705020 0.705011 -1.896530e+07 0.699783 0.699775 -1.890720e+07
0.900000 0.010000 0.001000 50 0.703530 0.703333 0.705602 0.705592 -1.887880e+07 0.700259 0.700251 -1.882045e+07
0.900000 0.025000 0.001000 50 0.706182 0.707143 0.706713 0.706703 -1.876870e+07 0.700788 0.700780 -1.871157e+07
0.900000 0.050000 0.001000 50 0.705162 0.711429 0.705761 0.705751 -1.865400e+07 0.701053 0.701044 -1.859724e+07
0.900000 0.100000 0.001000 50 0.705366 0.709524 0.705391 0.705380 -1.852220e+07 0.700682 0.700673 -1.846598e+07
0.900000 0.500000 0.001000 50 0.695776 0.700476 0.697403 0.697392 -1.823330e+07 0.691583 0.691573 -1.817426e+07
0.900000 0.001000 0.010000 50 0.696593 0.703810 0.704809 0.704800 -1.896500e+07 0.697614 0.697606 -1.890451e+07
0.900000 0.001500 0.010000 50 0.696388 0.704762 0.704809 0.704800 -1.895910e+07 0.697455 0.697447 -1.889865e+07
0.900000 0.010000 0.010000 50 0.700469 0.703810 0.705496 0.705487 -1.887080e+07 0.697984 0.697976 -1.881027e+07
0.900000 0.025000 0.010000 50 0.702918 0.704762 0.705602 0.705592 -1.876130e+07 0.698937 0.698928 -1.870096e+07
0.900000 0.050000 0.010000 50 0.702918 0.704286 0.705708 0.705698 -1.864640e+07 0.699942 0.699932 -1.858599e+07
0.900000 0.100000 0.010000 50 0.699449 0.701429 0.704756 0.704745 -1.851330e+07 0.699360 0.699350 -1.845254e+07
0.900000 0.500000 0.010000 50 0.688023 0.691905 0.695657 0.695645 -1.822090e+07 0.691689 0.691678 -1.815515e+07
0.900000 0.001000 0.100000 50 0.700469 0.711905 0.710734 0.710724 -1.896470e+07 0.702957 0.702949 -1.889195e+07
0.900000 0.001500 0.100000 50 0.702102 0.713333 0.711421 0.711412 -1.895540e+07 0.703063 0.703055 -1.888589e+07
0.900000 0.010000 0.100000 50 0.702918 0.712381 0.712321 0.712311 -1.886080e+07 0.703486 0.703477 -1.878452e+07
0.900000 0.025000 0.100000 50 0.703122 0.713333 0.713538 0.713527 -1.874000e+07 0.705179 0.705170 -1.866516e+07
0.900000 0.050000 0.100000 50 0.702102 0.710000 0.712956 0.712945 -1.862120e+07 0.706184 0.706174 -1.853947e+07
0.900000 0.100000 0.100000 50 0.703530 0.709048 0.711898 0.711887 -1.848810e+07 0.706237 0.706227 -1.840579e+07
0.900000 0.500000 0.100000 50 0.694144 0.702381 0.700418 0.700406 -1.820250e+07 0.693752 0.693740 -1.811957e+07
0.900000 0.001000 1.000000 50 0.705162 0.719048 0.722319 0.722308 -1.896850e+07 0.711792 0.711783 -1.885617e+07
0.900000 0.001500 1.000000 50 0.705366 0.719048 0.722372 0.722361 -1.896200e+07 0.711845 0.711836 -1.884967e+07
0.900000 0.010000 1.000000 50 0.708835 0.721905 0.722108 0.722097 -1.885980e+07 0.713538 0.713528 -1.874350e+07
0.900000 0.025000 1.000000 50 0.711896 0.719048 0.724224 0.724212 -1.874580e+07 0.714596 0.714586 -1.861627e+07
0.900000 0.050000 1.000000 50 0.714344 0.718095 0.724382 0.724371 -1.862870e+07 0.716976 0.716966 -1.849217e+07
0.900000 0.100000 1.000000 50 0.714140 0.717619 0.725229 0.725217 -1.850560e+07 0.718828 0.718817 -1.837042e+07
0.900000 0.500000 1.000000 50 0.706590 0.713333 0.716817 0.716805 -1.824530e+07 0.712268 0.712256 -1.810431e+07
