0.100000 0.001000 0.001000 50 0.643480 0.652252 0.652578 0.643105 -3.729470e+06 0.655540 0.645834 -3.697099e+06
0.100000 0.001500 0.001000 50 0.644074 0.652252 0.650602 0.641154 -3.727750e+06 0.658503 0.648752 -3.695372e+06
0.100000 0.010000 0.001000 50 0.639329 0.639640 0.644677 0.635488 -3.711910e+06 0.650800 0.641121 -3.679727e+06
0.100000 0.025000 0.001000 50 0.643735 0.639640 0.652578 0.643413 -3.698940e+06 0.654553 0.644768 -3.666048e+06
0.100000 0.050000 0.001000 50 0.649496 0.654054 0.656725 0.646928 -3.686200e+06 0.658503 0.648165 -3.653599e+06
0.100000 0.100000 0.001000 50 0.648479 0.663063 0.659095 0.649214 -3.671680e+06 0.656528 0.645951 -3.638795e+06
0.100000 0.500000 0.001000 50 0.630179 0.645045 0.634406 0.622883 -3.632500e+06 0.635789 0.623951 -3.598341e+06
0.100000 0.001000 0.010000 50 0.642379 0.655856 0.655343 0.646377 -3.728930e+06 0.654158 0.644209 -3.693352e+06
0.100000 0.001500 0.010000 50 0.643311 0.652252 0.658108 0.649259 -3.727370e+06 0.655145 0.645113 -3.691684e+06
0.100000 0.010000 0.010000 50 0.647971 0.643243 0.664231 0.654498 -3.711380e+06 0.663243 0.652672 -3.675986e+06
0.100000 0.025000 0.010000 50 0.649835 0.663063 0.665416 0.655003 -3.697930e+06 0.666601 0.655626 -3.662221e+06
0.100000 0.050000 0.010000 50 0.652715 0.672072 0.666798 0.655892 -3.685460e+06 0.670749 0.659448 -3.649469e+06
0.100000 0.100000 0.010000 50 0.653563 0.670270 0.670156 0.659114 -3.671130e+06 0.671144 0.659876 -3.634633e+06
0.100000 0.500000 0.010000 50 0.650851 0.657658 0.647640 0.635461 -3.633390e+06 0.651985 0.639466 -3.595251e+06
0.100000 0.001000 0.100000 50 0.614505 0.636036 0.622556 0.611508 -3.731250e+06 0.628679 0.617715 -3.689702e+06
0.100000 0.001500 0.100000 50 0.614420 0.632432 0.622556 0.611470 -3.728800e+06 0.627889 0.616914 -3.687880e+06
0.100000 0.010000 0.100000 50 0.627891 0.645045 0.634406 0.623316 -3.713780e+06 0.635394 0.624097 -3.671406e+06
0.100000 0.025000 0.100000 50 0.633483 0.654054 0.637764 0.626808 -3.702300e+06 0.640134 0.628769 -3.658233e+06
0.100000 0.050000 0.100000 50 0.638821 0.655856 0.640332 0.629587 -3.690400e+06 0.643887 0.632614 -3.646158e+06
0.100000 0.100000 0.100000 50 0.642125 0.645045 0.648825 0.639049 -3.677190e+06 0.651392 0.640544 -3.633093e+06
0.100000 0.500000 0.100000 50 0.623570 0.639640 0.631246 0.620758 -3.644630e+06 0.636382 0.625853 -3.597730e+06
0.100000 0.001000 1.000000 50 0.659239 0.686486 0.669366 0.657880 -3.736460e+06 0.673316 0.659567 -3.662940e+06
0.100000 0.001500 1.000000 50 0.659832 0.686486 0.669761 0.658151 -3.735600e+06 0.674106 0.660328 -3.662118e+06
0.100000 0.010000 1.000000 50 0.657206 0.682883 0.671934 0.659411 -3.725150e+06 0.678847 0.664760 -3.648029e+06
0.100000 0.025000 1.000000 50 0.668050 0.684685 0.679044 0.666344 -3.715500e+06 0.684377 0.670841 -3.637537e+06
0.100000 0.050000 1.000000 50 0.666271 0.686486 0.678452 0.665893 -3.707410e+06 0.682797 0.669264 -3.629854e+06
0.100000 0.100000 1.000000 50 0.665763 0.675676 0.675884 0.663257 -3.698340e+06 0.684179 0.670035 -3.621201e+06
0.100000 0.500000 1.000000 50 0.670084 0.681081 0.664033 0.651319 -3.676270e+06 0.677661 0.662379 -3.598040e+06
