0.005000 0.001000 0.001000 50 0.538572 0.528512 0.543109 0.466600 -9.655640e+05 0.543572 0.467360 -9.599247e+05
0.005000 0.001500 0.001000 50 0.538512 0.529903 0.543109 0.466600 -9.654790e+05 0.543727 0.467487 -9.598397e+05
0.005000 0.010000 0.001000 50 0.535701 0.525730 0.542182 0.465852 -9.638100e+05 0.541255 0.465477 -9.581001e+05
0.005000 0.025000 0.001000 50 0.534206 0.521558 0.542027 0.465682 -9.610980e+05 0.539555 0.464012 -9.553369e+05
0.005000 0.050000 0.001000 50 0.533907 0.521558 0.541100 0.464682 -9.568320e+05 0.541100 0.464889 -9.512685e+05
0.005000 0.100000 0.001000 50 0.537735 0.527121 0.540946 0.464088 -9.490900e+05 0.541409 0.464624 -9.434040e+05
0.005000 0.500000 0.001000 50 0.545569 0.557719 0.545117 0.474880 -9.115840e+05 0.546354 0.470396 -9.045816e+05
0.005000 0.001000 0.010000 50 0.541383 0.538248 0.550216 0.470167 -9.651970e+05 0.550680 0.473716 -9.588503e+05
0.005000 0.001500 0.010000 50 0.541442 0.538248 0.550216 0.470167 -9.651110e+05 0.550680 0.473716 -9.587645e+05
0.005000 0.010000 0.010000 50 0.538871 0.531293 0.548826 0.469020 -9.633730e+05 0.550216 0.470265 -9.569201e+05
0.005000 0.025000 0.010000 50 0.539828 0.528512 0.548362 0.468772 -9.608140e+05 0.549598 0.469801 -9.540237e+05
0.005000 0.050000 0.010000 50 0.537854 0.521558 0.546044 0.466912 -9.563920e+05 0.546663 0.467601 -9.498209e+05
0.005000 0.100000 0.010000 50 0.536539 0.521558 0.543572 0.468105 -9.484370e+05 0.545272 0.466613 -9.416881e+05
0.005000 0.500000 0.010000 50 0.543296 0.547983 0.545890 0.470242 -9.124840e+05 0.545272 0.466812 -9.041747e+05
0.005000 0.001000 0.100000 50 0.494737 0.481224 0.493356 0.448562 -9.625110e+05 0.497528 0.448381 -9.528299e+05
0.005000 0.001500 0.100000 50 0.493661 0.482615 0.491656 0.447279 -9.620000e+05 0.497219 0.448134 -9.527480e+05
0.005000 0.010000 0.100000 50 0.494498 0.481224 0.491502 0.444073 -9.602010e+05 0.497682 0.448576 -9.509186e+05
0.005000 0.025000 0.100000 50 0.496113 0.481224 0.493820 0.446032 -9.573610e+05 0.501391 0.451576 -9.480215e+05
0.005000 0.050000 0.100000 50 0.500478 0.484006 0.502627 0.459010 -9.532940e+05 0.505408 0.457810 -9.434822e+05
0.005000 0.100000 0.100000 50 0.508013 0.490960 0.507571 0.462657 -9.453130e+05 0.509116 0.457450 -9.351297e+05
0.005000 0.500000 0.100000 50 0.519854 0.493741 0.528121 0.468156 -9.129080e+05 0.527812 0.477043 -8.996064e+05
0.005000 0.001000 1.000000 50 0.513216 0.484006 0.522095 0.552312 -9.545280e+05 0.513288 0.535951 -9.391878e+05
0.005000 0.001500 1.000000 50 0.513216 0.484006 0.521941 0.552157 -9.545040e+05 0.513288 0.535951 -9.391488e+05
0.005000 0.010000 1.000000 50 0.513396 0.486787 0.522095 0.552432 -9.539430e+05 0.513597 0.536358 -9.378928e+05
0.005000 0.025000 1.000000 50 0.514173 0.488178 0.521477 0.546083 -9.521510e+05 0.515142 0.537549 -9.359409e+05
0.005000 0.050000 1.000000 50 0.516386 0.493741 0.523022 0.535561 -9.485000e+05 0.517614 0.530613 -9.310383e+05
0.005000 0.100000 1.000000 50 0.517641 0.485396 0.523949 0.536082 -9.442810e+05 0.518850 0.534605 -9.242771e+05
0.005000 0.500000 1.000000 50 0.494139 0.472879 0.499227 0.502502 -9.254160e+05 0.499536 0.508391 -9.003752e+05
