0.005000 0.001000 0.001000 50 0.537324 0.565766 0.536441 0.522368 -3.733400e+06 0.536046 0.521118 -3.700635e+06
0.005000 0.001500 0.001000 50 0.538933 0.565766 0.537033 0.522877 -3.731760e+06 0.537428 0.522565 -3.699068e+06
0.005000 0.010000 0.001000 50 0.548743 0.572973 0.548884 0.534021 -3.715740e+06 0.550859 0.535953 -3.683380e+06
0.005000 0.025000 0.001000 50 0.553418 0.590991 0.554809 0.540306 -3.702620e+06 0.557180 0.541847 -3.670057e+06
0.005000 0.050000 0.001000 50 0.552345 0.578378 0.553822 0.539009 -3.690900e+06 0.566068 0.550244 -3.658149e+06
0.005000 0.100000 0.001000 50 0.553188 0.578378 0.561525 0.546301 -3.677670e+06 0.558562 0.542618 -3.644971e+06
0.005000 0.500000 0.001000 50 0.512492 0.518919 0.518270 0.502348 -3.642180e+06 0.521035 0.504574 -3.608212e+06
0.005000 0.001000 0.010000 50 0.561849 0.562162 0.568438 0.554385 -3.734330e+06 0.564487 0.549740 -3.697580e+06
0.005000 0.001500 0.010000 50 0.561235 0.560360 0.568043 0.553936 -3.732530e+06 0.564882 0.550132 -3.695566e+06
0.005000 0.010000 0.010000 50 0.565757 0.578378 0.572980 0.557973 -3.717230e+06 0.567845 0.552544 -3.678580e+06
0.005000 0.025000 0.010000 50 0.570739 0.572973 0.577918 0.562375 -3.704940e+06 0.574758 0.558807 -3.666411e+06
0.005000 0.050000 0.010000 50 0.563535 0.562162 0.577523 0.561862 -3.693810e+06 0.577721 0.561750 -3.655155e+06
0.005000 0.100000 0.010000 50 0.549969 0.560360 0.562907 0.547643 -3.680960e+06 0.568043 0.552402 -3.642169e+06
0.005000 0.500000 0.010000 50 0.500000 0.520721 0.507999 0.494024 -3.645290e+06 0.510172 0.495866 -3.607616e+06
0.005000 0.001000 0.100000 50 0.565067 0.563964 0.564290 0.548647 -3.738660e+06 0.561327 0.546712 -3.694048e+06
0.005000 0.001500 0.100000 50 0.560239 0.558559 0.560340 0.545017 -3.736770e+06 0.557970 0.543662 -3.692139e+06
0.005000 0.010000 0.100000 50 0.556177 0.558559 0.568833 0.553606 -3.720670e+06 0.559747 0.545229 -3.674694e+06
0.005000 0.025000 0.100000 50 0.554108 0.565766 0.564092 0.548784 -3.709580e+06 0.563302 0.548703 -3.662682e+06
0.005000 0.050000 0.100000 50 0.556101 0.569369 0.568833 0.553158 -3.698600e+06 0.563697 0.548800 -3.651549e+06
0.005000 0.100000 0.100000 50 0.549433 0.556757 0.564882 0.549253 -3.686320e+06 0.560537 0.545276 -3.638942e+06
0.005000 0.500000 0.100000 50 0.497241 0.500901 0.509579 0.493762 -3.655230e+06 0.515505 0.499400 -3.606710e+06
0.005000 0.001000 1.000000 50 0.545907 0.560360 0.551254 0.536041 -3.737700e+06 0.548884 0.533458 -3.664801e+06
0.005000 0.001500 1.000000 50 0.546137 0.560360 0.550267 0.534745 -3.736130e+06 0.545921 0.530577 -3.662349e+06
0.005000 0.010000 1.000000 50 0.551579 0.563964 0.555402 0.539738 -3.729160e+06 0.558957 0.543123 -3.655339e+06
0.005000 0.025000 1.000000 50 0.554951 0.572973 0.562907 0.546543 -3.723490e+06 0.561327 0.545207 -3.648454e+06
0.005000 0.050000 1.000000 50 0.554951 0.576577 0.563105 0.546249 -3.715570e+06 0.562907 0.546577 -3.639179e+06
0.005000 0.100000 1.000000 50 0.549280 0.563964 0.555007 0.537435 -3.707580e+06 0.559155 0.542331 -3.633266e+06
0.005000 0.500000 1.000000 50 0.542612 0.527928 0.534268 0.516588 -3.686310e+06 0.553822 0.536517 -3.614442e+06
