0.005000 0.001000 0.001000 50 0.498086 0.497914 0.508653 0.437004 -9.642840e+05 0.510043 0.438335 -9.587348e+05
0.005000 0.001500 0.001000 50 0.497847 0.497914 0.508653 0.437004 -9.641950e+05 0.510043 0.438335 -9.586465e+05
0.005000 0.010000 0.001000 50 0.494917 0.496523 0.508344 0.442912 -9.623110e+05 0.509271 0.440720 -9.569180e+05
0.005000 0.025000 0.001000 50 0.495455 0.495132 0.508189 0.439770 -9.596750e+05 0.509734 0.437984 -9.543114e+05
0.005000 0.050000 0.001000 50 0.495276 0.493741 0.508653 0.440064 -9.553170e+05 0.509580 0.437754 -9.499024e+05
0.005000 0.100000 0.001000 50 0.496113 0.490960 0.506644 0.441062 -9.475320e+05 0.507726 0.435838 -9.420192e+05
0.005000 0.500000 0.001000 50 0.509150 0.497914 0.511588 0.435057 -9.106580e+05 0.518696 0.440784 -9.035550e+05
0.005000 0.001000 0.010000 50 0.539529 0.546592 0.537855 0.475606 -9.636370e+05 0.543263 0.483073 -9.572343e+05
0.005000 0.001500 0.010000 50 0.537197 0.541029 0.535383 0.473605 -9.632750e+05 0.537855 0.478482 -9.567204e+05
0.005000 0.010000 0.010000 50 0.537914 0.545202 0.536310 0.474325 -9.617680e+05 0.536774 0.477702 -9.548879e+05
0.005000 0.025000 0.010000 50 0.537376 0.545202 0.536774 0.474830 -9.588960e+05 0.537392 0.478093 -9.522284e+05
0.005000 0.050000 0.010000 50 0.540007 0.552156 0.538628 0.476556 -9.543800e+05 0.539555 0.480166 -9.476068e+05
0.005000 0.100000 0.010000 50 0.547961 0.557719 0.546044 0.479651 -9.465240e+05 0.548053 0.484632 -9.395294e+05
0.005000 0.500000 0.010000 50 0.564586 0.584145 0.568294 0.481537 -9.095000e+05 0.570457 0.489017 -9.008847e+05
0.005000 0.001000 0.100000 50 0.575649 0.582754 0.580655 0.491287 -9.640860e+05 0.578337 0.489050 -9.543840e+05
0.005000 0.001500 0.100000 50 0.574871 0.581363 0.579419 0.490250 -9.635550e+05 0.578801 0.489459 -9.542918e+05
0.005000 0.010000 0.100000 50 0.573855 0.579972 0.579883 0.490726 -9.615740e+05 0.577410 0.488407 -9.522678e+05
0.005000 0.025000 0.100000 50 0.572539 0.582754 0.580655 0.491456 -9.583700e+05 0.577565 0.488636 -9.490337e+05
0.005000 0.050000 0.100000 50 0.563689 0.571627 0.576947 0.489076 -9.534090e+05 0.574784 0.486866 -9.439562e+05
0.005000 0.100000 0.100000 50 0.562074 0.570236 0.573239 0.486524 -9.447290e+05 0.574011 0.486966 -9.349216e+05
0.005000 0.500000 0.100000 50 0.566439 0.588317 0.591162 0.500901 -9.110460e+05 0.590544 0.500167 -8.981270e+05
0.005000 0.001000 1.000000 50 0.522725 0.503477 0.525340 0.531769 -9.551890e+05 0.532447 0.534653 -9.407793e+05
0.005000 0.001500 1.000000 50 0.521648 0.502086 0.524567 0.528102 -9.550470e+05 0.532293 0.534529 -9.407612e+05
0.005000 0.010000 1.000000 50 0.522844 0.504868 0.525340 0.528663 -9.546240e+05 0.535538 0.537154 -9.402930e+05
0.005000 0.025000 1.000000 50 0.523681 0.503477 0.528276 0.531086 -9.532820e+05 0.535692 0.534284 -9.377296e+05
0.005000 0.050000 1.000000 50 0.533190 0.503477 0.539864 0.540649 -9.517170e+05 0.534456 0.539231 -9.342549e+05
0.005000 0.100000 1.000000 50 0.540426 0.509040 0.545735 0.541718 -9.474270e+05 0.538937 0.544968 -9.279184e+05
0.005000 0.500000 1.000000 50 0.513695 0.490960 0.521477 0.529965 -9.282880e+05 0.508344 0.524490 -8.985843e+05
