0.500000 0.001000 0.001000 50 0.925537 0.917867 0.929890 0.931570 -3.406230e+06 0.926021 0.927692 -3.377308e+06
0.500000 0.001500 0.001000 50 0.925537 0.917147 0.929890 0.931570 -3.405500e+06 0.926021 0.927692 -3.376571e+06
0.500000 0.010000 0.001000 50 0.926096 0.915706 0.929970 0.931648 -3.393970e+06 0.925538 0.927302 -3.365464e+06
0.500000 0.025000 0.001000 50 0.926034 0.917147 0.929487 0.931140 -3.378080e+06 0.926183 0.927994 -3.349435e+06
0.500000 0.050000 0.001000 50 0.925475 0.916427 0.929003 0.930658 -3.359560e+06 0.926424 0.928285 -3.330730e+06
0.500000 0.100000 0.001000 50 0.923860 0.913545 0.928842 0.930505 -3.335000e+06 0.925780 0.927747 -3.305315e+06
0.500000 0.500000 0.001000 50 0.922308 0.913545 0.925457 0.926955 -3.261550e+06 0.922879 0.924583 -3.230395e+06
0.500000 0.001000 0.010000 50 0.923922 0.920749 0.930131 0.932824 -3.399490e+06 0.926263 0.929228 -3.372058e+06
0.500000 0.001500 0.010000 50 0.923922 0.920749 0.930131 0.932822 -3.398780e+06 0.926183 0.929153 -3.371338e+06
0.500000 0.010000 0.010000 50 0.923674 0.920029 0.930534 0.933250 -3.387240e+06 0.926505 0.929560 -3.359247e+06
0.500000 0.025000 0.010000 50 0.923053 0.917867 0.930373 0.933115 -3.371140e+06 0.926586 0.929646 -3.342921e+06
0.500000 0.050000 0.010000 50 0.923301 0.916427 0.930373 0.933155 -3.350920e+06 0.926827 0.929898 -3.321784e+06
0.500000 0.100000 0.010000 50 0.923115 0.917147 0.930373 0.933134 -3.324970e+06 0.926747 0.929850 -3.295298e+06
0.500000 0.500000 0.010000 50 0.921004 0.914265 0.926263 0.928955 -3.251080e+06 0.923926 0.926985 -3.219522e+06
0.500000 0.001000 0.100000 50 0.929574 0.922190 0.935289 0.937952 -3.404500e+06 0.932791 0.935789 -3.370549e+06
0.500000 0.001500 0.100000 50 0.929574 0.922911 0.935208 0.937877 -3.403760e+06 0.932871 0.935875 -3.369811e+06
0.500000 0.010000 0.100000 50 0.929326 0.920029 0.934967 0.937638 -3.390910e+06 0.932630 0.935706 -3.356655e+06
0.500000 0.025000 0.100000 50 0.929263 0.920029 0.934402 0.937102 -3.373610e+06 0.932791 0.935885 -3.339668e+06
0.500000 0.050000 0.100000 50 0.929388 0.918588 0.934241 0.936927 -3.354300e+06 0.932791 0.935934 -3.318402e+06
0.500000 0.100000 0.100000 50 0.929512 0.917147 0.933758 0.936411 -3.329700e+06 0.932710 0.935789 -3.292511e+06
0.500000 0.500000 0.100000 50 0.927525 0.915706 0.932388 0.934819 -3.262390e+06 0.929487 0.932136 -3.221507e+06
0.500000 0.001000 1.000000 50 0.943982 0.933718 0.943186 0.945216 -3.404210e+06 0.941736 0.944104 -3.341424e+06
0.500000 0.001500 1.000000 50 0.943982 0.933718 0.943267 0.945293 -3.403840e+06 0.941494 0.943875 -3.341091e+06
0.500000 0.010000 1.000000 50 0.943547 0.933718 0.942300 0.944329 -3.397470e+06 0.941333 0.943754 -3.331205e+06
0.500000 0.025000 1.000000 50 0.942988 0.933718 0.942381 0.944430 -3.388230e+06 0.941413 0.943908 -3.319338e+06
0.500000 0.050000 1.000000 50 0.942119 0.930836 0.941816 0.943893 -3.376950e+06 0.941333 0.943886 -3.303492e+06
0.500000 0.100000 1.000000 50 0.940691 0.927233 0.940366 0.942544 -3.360130e+06 0.937223 0.938973 -3.284553e+06
0.500000 0.500000 1.000000 50 0.932555 0.904179 0.927391 0.928952 -3.311970e+06 0.929487 0.931634 -3.236757e+06
