0.010000 0.001000 0.001000 50 0.676836 0.685714 0.678146 0.678140 -1.893080e+07 0.679099 0.679092 -1.888145e+07
0.010000 0.001500 0.001000 50 0.676671 0.685714 0.678199 0.678193 -1.892500e+07 0.679310 0.679303 -1.887564e+07
0.010000 0.010000 0.001000 50 0.676486 0.684762 0.678675 0.678669 -1.883880e+07 0.679204 0.679198 -1.878802e+07
0.010000 0.025000 0.001000 50 0.677063 0.685238 0.679046 0.679039 -1.873450e+07 0.680791 0.680785 -1.868218e+07
0.010000 0.050000 0.001000 50 0.678135 0.684286 0.680633 0.680626 -1.862650e+07 0.681373 0.681366 -1.857162e+07
0.010000 0.100000 0.001000 50 0.677846 0.682857 0.680791 0.680784 -1.850240e+07 0.681215 0.681207 -1.844520e+07
0.010000 0.500000 0.001000 50 0.668941 0.675714 0.672380 0.672371 -1.822490e+07 0.671798 0.671789 -1.816344e+07
0.010000 0.001000 0.010000 50 0.678073 0.682857 0.677935 0.677928 -1.892260e+07 0.679786 0.679780 -1.886728e+07
0.010000 0.001500 0.010000 50 0.678114 0.681905 0.677935 0.677928 -1.891690e+07 0.679733 0.679727 -1.886151e+07
0.010000 0.010000 0.010000 50 0.677846 0.681429 0.678411 0.678404 -1.882840e+07 0.680421 0.680415 -1.877426e+07
0.010000 0.025000 0.010000 50 0.679454 0.683810 0.679363 0.679356 -1.872280e+07 0.682167 0.682160 -1.866632e+07
0.010000 0.050000 0.010000 50 0.681969 0.684762 0.681532 0.681525 -1.861350e+07 0.682008 0.682001 -1.854965e+07
0.010000 0.100000 0.010000 50 0.682897 0.682857 0.683331 0.683324 -1.848820e+07 0.683595 0.683588 -1.842153e+07
0.010000 0.500000 0.010000 50 0.677949 0.687143 0.680104 0.680096 -1.820650e+07 0.680474 0.680466 -1.813644e+07
0.010000 0.001000 0.100000 50 0.676218 0.679048 0.678093 0.678089 -1.892900e+07 0.679363 0.679358 -1.886573e+07
0.010000 0.001500 0.100000 50 0.676280 0.679048 0.677988 0.677983 -1.892320e+07 0.679628 0.679622 -1.885991e+07
0.010000 0.010000 0.100000 50 0.677455 0.681429 0.678940 0.678935 -1.883410e+07 0.680633 0.680627 -1.876883e+07
0.010000 0.025000 0.100000 50 0.680320 0.682857 0.681849 0.681843 -1.873130e+07 0.682960 0.682954 -1.866280e+07
0.010000 0.050000 0.100000 50 0.683226 0.683333 0.684442 0.684435 -1.862700e+07 0.685235 0.685228 -1.855456e+07
0.010000 0.100000 0.100000 50 0.684731 0.685238 0.685711 0.685704 -1.850720e+07 0.686822 0.686815 -1.843064e+07
0.010000 0.500000 0.100000 50 0.676012 0.677619 0.677723 0.677714 -1.823100e+07 0.678411 0.678402 -1.814801e+07
0.010000 0.001000 1.000000 50 0.676548 0.683810 0.677829 0.677824 -1.892010e+07 0.679628 0.679623 -1.882666e+07
0.010000 0.001500 1.000000 50 0.676733 0.683333 0.678146 0.678142 -1.891400e+07 0.679839 0.679835 -1.882062e+07
0.010000 0.010000 1.000000 50 0.678320 0.681429 0.680368 0.680363 -1.882130e+07 0.682484 0.682479 -1.872727e+07
0.010000 0.025000 1.000000 50 0.682752 0.685238 0.684865 0.684859 -1.871730e+07 0.684336 0.684331 -1.860961e+07
0.010000 0.050000 1.000000 50 0.685803 0.686667 0.686293 0.686287 -1.861470e+07 0.685870 0.685864 -1.849690e+07
0.010000 0.100000 1.000000 50 0.686978 0.684762 0.688462 0.688455 -1.850120e+07 0.687669 0.687661 -1.837675e+07
0.010000 0.500000 1.000000 50 0.676795 0.680476 0.679892 0.679884 -1.823030e+07 0.678041 0.678032 -1.809666e+07
