0.100000 0.001000 0.001000 50 0.635855 0.632432 0.646850 0.637290 -3.729450e+06 0.643690 0.633056 -3.697540e+06
0.100000 0.001500 0.001000 50 0.639075 0.636036 0.648825 0.639229 -3.727770e+06 0.645665 0.635263 -3.695625e+06
0.100000 0.010000 0.001000 50 0.646192 0.641441 0.659688 0.649593 -3.711940e+06 0.658898 0.647749 -3.679728e+06
0.100000 0.025000 0.001000 50 0.649665 0.646847 0.664428 0.653524 -3.698610e+06 0.664428 0.652363 -3.666053e+06
0.100000 0.050000 0.001000 50 0.651275 0.634234 0.664626 0.653478 -3.685690e+06 0.667588 0.655402 -3.652997e+06
0.100000 0.100000 0.001000 50 0.648564 0.634234 0.661268 0.650028 -3.670720e+06 0.663243 0.651222 -3.637751e+06
0.100000 0.500000 0.001000 50 0.630518 0.603604 0.638554 0.626639 -3.630410e+06 0.647245 0.634014 -3.596335e+06
0.100000 0.001000 0.010000 50 0.646361 0.652252 0.650405 0.638337 -3.727760e+06 0.644085 0.632636 -3.691766e+06
0.100000 0.001500 0.010000 50 0.640515 0.650450 0.645467 0.634344 -3.725310e+06 0.641912 0.630542 -3.690122e+06
0.100000 0.010000 0.010000 50 0.647717 0.664865 0.655738 0.643436 -3.709440e+06 0.656528 0.644045 -3.674191e+06
0.100000 0.025000 0.010000 50 0.652207 0.659459 0.659885 0.647703 -3.695520e+06 0.660478 0.647553 -3.659728e+06
0.100000 0.050000 0.010000 50 0.654664 0.668468 0.659688 0.647232 -3.683060e+06 0.661268 0.648046 -3.646910e+06
0.100000 0.100000 0.010000 50 0.655596 0.657658 0.658503 0.645913 -3.668680e+06 0.657120 0.644090 -3.632204e+06
0.100000 0.500000 0.010000 50 0.646022 0.654054 0.645072 0.632094 -3.630020e+06 0.651590 0.637593 -3.592192e+06
0.100000 0.001000 0.100000 50 0.642633 0.641441 0.644085 0.633873 -3.732930e+06 0.644677 0.633231 -3.691473e+06
0.100000 0.001500 0.100000 50 0.645090 0.639640 0.648627 0.638222 -3.731520e+06 0.644677 0.633264 -3.689678e+06
0.100000 0.010000 0.100000 50 0.651699 0.659459 0.657515 0.647106 -3.716420e+06 0.656330 0.644474 -3.673926e+06
0.100000 0.025000 0.100000 50 0.653139 0.668468 0.664428 0.654023 -3.703940e+06 0.659095 0.647743 -3.661128e+06
0.100000 0.050000 0.100000 50 0.653732 0.664865 0.665613 0.654544 -3.692320e+06 0.661268 0.649294 -3.649023e+06
0.100000 0.100000 0.100000 50 0.651868 0.661261 0.661663 0.650388 -3.679750e+06 0.659688 0.647648 -3.635216e+06
0.100000 0.500000 0.100000 50 0.641617 0.646847 0.648035 0.637128 -3.645130e+06 0.653368 0.641263 -3.598979e+06
0.100000 0.001000 1.000000 50 0.566043 0.562162 0.559550 0.547534 -3.731250e+06 0.560142 0.548331 -3.665369e+06
0.100000 0.001500 1.000000 50 0.567059 0.569369 0.559747 0.547655 -3.730100e+06 0.562512 0.550602 -3.662699e+06
0.100000 0.010000 1.000000 50 0.567822 0.572973 0.564685 0.551963 -3.720050e+06 0.562907 0.550490 -3.652738e+06
0.100000 0.025000 1.000000 50 0.573244 0.569369 0.568438 0.555022 -3.711900e+06 0.574561 0.560970 -3.645999e+06
0.100000 0.050000 1.000000 50 0.578073 0.592793 0.583844 0.569890 -3.705020e+06 0.574363 0.560208 -3.639319e+06
0.100000 0.100000 1.000000 50 0.580530 0.571171 0.589571 0.574936 -3.697290e+06 0.589176 0.573984 -3.629319e+06
0.100000 0.500000 1.000000 50 0.599763 0.596396 0.595102 0.581292 -3.672620e+06 0.612088 0.595561 -3.604159e+06
