0.200000 0.001000 0.001000 50 0.649986 0.661261 0.657910 0.650563 -3.728190e+06 0.657713 0.650631 -3.696321e+06
0.200000 0.001500 0.001000 50 0.650272 0.668468 0.658898 0.651660 -3.726520e+06 0.657120 0.649844 -3.694548e+06
0.200000 0.010000 0.001000 50 0.653227 0.673874 0.662453 0.654625 -3.711270e+06 0.663836 0.656128 -3.679108e+06
0.200000 0.025000 0.001000 50 0.657421 0.664865 0.664231 0.655198 -3.698360e+06 0.663638 0.654979 -3.665729e+06
0.200000 0.050000 0.001000 50 0.658183 0.672072 0.665811 0.656807 -3.685890e+06 0.665218 0.655909 -3.653150e+06
0.200000 0.100000 0.001000 50 0.658850 0.673874 0.662848 0.653944 -3.671290e+06 0.663441 0.653657 -3.638386e+06
0.200000 0.500000 0.001000 50 0.645124 0.652252 0.651787 0.642504 -3.632220e+06 0.651195 0.641326 -3.598197e+06
0.200000 0.001000 0.010000 50 0.659327 0.673874 0.673316 0.665089 -3.729310e+06 0.672329 0.663208 -3.693903e+06
0.200000 0.001500 0.010000 50 0.660185 0.672072 0.673711 0.665427 -3.727550e+06 0.672526 0.663296 -3.692132e+06
0.200000 0.010000 0.010000 50 0.662473 0.677477 0.680032 0.671529 -3.711050e+06 0.674106 0.664232 -3.675602e+06
0.200000 0.025000 0.010000 50 0.661615 0.691892 0.675686 0.667238 -3.697630e+06 0.675884 0.666313 -3.661988e+06
0.200000 0.050000 0.010000 50 0.663235 0.693694 0.677859 0.668939 -3.685140e+06 0.678452 0.668934 -3.649079e+06
0.200000 0.100000 0.010000 50 0.665618 0.702703 0.677069 0.667368 -3.670720e+06 0.679242 0.669326 -3.634302e+06
0.200000 0.500000 0.010000 50 0.661519 0.659459 0.664626 0.654062 -3.632800e+06 0.671144 0.660158 -3.594815e+06
0.200000 0.001000 0.100000 50 0.660280 0.690090 0.668773 0.661767 -3.728660e+06 0.670156 0.661490 -3.686900e+06
0.200000 0.001500 0.100000 50 0.659613 0.693694 0.674501 0.667023 -3.726740e+06 0.669563 0.660740 -3.684964e+06
0.200000 0.010000 0.100000 50 0.665618 0.700901 0.674896 0.666556 -3.710390e+06 0.674699 0.665134 -3.666138e+06
0.200000 0.025000 0.100000 50 0.668287 0.695495 0.678254 0.669416 -3.697390e+06 0.676871 0.667444 -3.652188e+06
0.200000 0.050000 0.100000 50 0.665904 0.695495 0.682797 0.673237 -3.685090e+06 0.681217 0.670978 -3.639710e+06
0.200000 0.100000 0.100000 50 0.663807 0.702703 0.681019 0.671324 -3.672020e+06 0.682599 0.672090 -3.626335e+06
0.200000 0.500000 0.100000 50 0.653513 0.686486 0.670946 0.661096 -3.637010e+06 0.677069 0.665789 -3.589944e+06
0.200000 0.001000 1.000000 50 0.667525 0.690090 0.677069 0.668401 -3.736310e+06 0.677266 0.666471 -3.663453e+06
0.200000 0.001500 1.000000 50 0.666381 0.691892 0.677069 0.668211 -3.735290e+06 0.678056 0.667143 -3.662594e+06
0.200000 0.010000 1.000000 50 0.673625 0.688288 0.684772 0.675943 -3.725350e+06 0.689710 0.678942 -3.647756e+06
0.200000 0.025000 1.000000 50 0.677152 0.704505 0.692870 0.684011 -3.715290e+06 0.693067 0.682314 -3.638272e+06
0.200000 0.050000 1.000000 50 0.679344 0.700901 0.690105 0.680971 -3.706800e+06 0.692080 0.681275 -3.629459e+06
0.200000 0.100000 1.000000 50 0.679630 0.695495 0.681809 0.672069 -3.698040e+06 0.689512 0.676731 -3.621861e+06
0.200000 0.500000 1.000000 50 0.683157 0.708108 0.676476 0.664740 -3.675740e+06 0.687537 0.672615 -3.599123e+06
