0.300000 0.001000 0.001000 50 0.916205 0.914986 0.922556 0.925446 -3.404640e+06 0.920058 0.923093 -3.375518e+06
0.300000 0.001500 0.001000 50 0.916205 0.914986 0.922556 0.925445 -3.403950e+06 0.920058 0.923093 -3.374825e+06
0.300000 0.010000 0.001000 50 0.916249 0.914265 0.922476 0.925396 -3.393070e+06 0.920542 0.923607 -3.363842e+06
0.300000 0.025000 0.001000 50 0.916471 0.915706 0.922476 0.925433 -3.377750e+06 0.919977 0.923144 -3.348912e+06
0.300000 0.050000 0.001000 50 0.916338 0.915706 0.921912 0.924843 -3.359200e+06 0.918930 0.922170 -3.330168e+06
0.300000 0.100000 0.001000 50 0.915317 0.916427 0.921992 0.924951 -3.333980e+06 0.919252 0.922500 -3.304039e+06
0.300000 0.500000 0.001000 50 0.912922 0.912104 0.919010 0.921872 -3.259060e+06 0.917802 0.920873 -3.228258e+06
0.300000 0.001000 0.010000 50 0.917935 0.907061 0.924410 0.927750 -3.397790e+06 0.921347 0.924892 -3.370254e+06
0.300000 0.001500 0.010000 50 0.918334 0.907061 0.924087 0.927437 -3.396670e+06 0.921267 0.924781 -3.369541e+06
0.300000 0.010000 0.010000 50 0.917802 0.908501 0.923443 0.926826 -3.385870e+06 0.921025 0.924639 -3.358601e+06
0.300000 0.025000 0.010000 50 0.917180 0.907061 0.923604 0.927017 -3.370550e+06 0.920461 0.924091 -3.343070e+06
0.300000 0.050000 0.010000 50 0.916382 0.907781 0.922395 0.925880 -3.351390e+06 0.920622 0.924270 -3.323097e+06
0.300000 0.100000 0.010000 50 0.915229 0.907781 0.921912 0.925424 -3.326660e+06 0.919655 0.923286 -3.297790e+06
0.300000 0.500000 0.010000 50 0.916160 0.904899 0.921428 0.924397 -3.254520e+06 0.918769 0.921911 -3.223579e+06
0.300000 0.001000 0.100000 50 0.926718 0.925793 0.930937 0.934014 -3.402670e+06 0.928439 0.931672 -3.369195e+06
0.300000 0.001500 0.100000 50 0.926718 0.925793 0.931018 0.934092 -3.401940e+06 0.928520 0.931747 -3.368460e+06
0.300000 0.010000 0.100000 50 0.926851 0.925072 0.931018 0.934114 -3.389450e+06 0.928923 0.932165 -3.355802e+06
0.300000 0.025000 0.100000 50 0.926407 0.925072 0.930695 0.933878 -3.372200e+06 0.928681 0.931954 -3.339172e+06
0.300000 0.050000 0.100000 50 0.927206 0.924352 0.931743 0.934814 -3.352940e+06 0.929003 0.932312 -3.317917e+06
0.300000 0.100000 0.100000 50 0.923834 0.918588 0.928197 0.930446 -3.327330e+06 0.927472 0.929836 -3.290855e+06
0.300000 0.500000 0.100000 50 0.922104 0.913545 0.925135 0.927280 -3.257350e+06 0.923926 0.926206 -3.218113e+06
0.300000 0.001000 1.000000 50 0.937808 0.927954 0.936417 0.939046 -3.403130e+06 0.936175 0.939158 -3.343645e+06
0.300000 0.001500 1.000000 50 0.937808 0.927954 0.936337 0.938971 -3.402880e+06 0.936256 0.939235 -3.343198e+06
0.300000 0.010000 1.000000 50 0.937364 0.927233 0.936337 0.938932 -3.396560e+06 0.935934 0.938941 -3.332959e+06
0.300000 0.025000 1.000000 50 0.936566 0.925793 0.935047 0.937564 -3.387990e+06 0.936014 0.939035 -3.318703e+06
0.300000 0.050000 1.000000 50 0.936033 0.922911 0.934644 0.937297 -3.378110e+06 0.934483 0.937614 -3.304368e+06
0.300000 0.100000 1.000000 50 0.935412 0.922911 0.934241 0.936850 -3.363250e+06 0.935128 0.938261 -3.285931e+06
0.300000 0.500000 1.000000 50 0.931775 0.906340 0.927150 0.929735 -3.316080e+06 0.931340 0.934634 -3.242331e+06
